script internal name (ver:210707): multilognorlanglmfit
data-filename:FF
this-filename:fits/FF.fit.00
[[Definition parameters]]
ndist: 1
weight: None
[[status]]
Fit succeeded.
[[Fit Statistics]]
    # fitting method   = leastsq
    # function evals   = 116
    # data points      = 249
    # variables        = 5
    chi-square         = 2289.92019
    reduced chi-square = 9.38491881
    Akaike info crit   = 562.486018
    Bayesian info crit = 580.073282
[[Variables]]
    N0:    8.4668e+17 +/- 1.8242e+17 (21.55%) (init = 6.360146e+17)
    mu0:   8.47279496 +/- 0.28373525 (3.35%) (init = 7.65)
    sig0:  0.95850733 +/- 0.10921221 (11.39%) (init = 1.596)
    C:     3.6115e-04 +/- 1.2783e-04 (35.40%) (init = 0.001445307)
    T:     300 (fixed)
    dc:    0.06398075 +/- 0.19416700 (303.48%) (init = 0.03997979)
[[Correlations]] (unreported correlations are < 0.100)
    C(N0, mu0)   = -0.9877
    C(mu0, sig0) = -0.9860
    C(N0, sig0)  = +0.9493
    C(N0, C)     = -0.8479
    C(mu0, C)    = +0.7721
    C(sig0, C)   = -0.6867
[[Derived Parameters]]
    mean-mu      = 7572+/-2290 mb
    stddev       = 9292+/-3697 mb
    <mu>_mu      = 18975+/-8031 mb
    sum squares  = 2.289920e+03
    m_s          = (5.945+/-2.208)e+01 (units)
[[data]]
1.899990e+04 6.401976e+01 6.453732e+01 
1.799990e+04 6.388911e+01 6.407449e+01 
1.699990e+04 6.369153e+01 6.359985e+01 
1.600000e+04 6.348488e+01 6.311127e+01 
1.500000e+04 6.321714e+01 6.260590e+01 
1.400000e+04 6.288185e+01 6.208031e+01 
1.300000e+04 6.254113e+01 6.152994e+01 
1.200000e+04 6.214476e+01 6.094880e+01 
1.100000e+04 6.163548e+01 6.032880e+01 
1.000000e+04 6.105302e+01 5.965876e+01 
9.000030e+03 6.041391e+01 5.892285e+01 
7.999970e+03 5.952460e+01 5.809772e+01 
7.000010e+03 5.862460e+01 5.714799e+01 
5.999970e+03 5.755343e+01 5.601650e+01 
5.000010e+03 5.588246e+01 5.460606e+01 
4.000020e+03 5.392298e+01 5.273583e+01 
2.999990e+03 5.171976e+01 5.002943e+01 
2.000000e+03 4.870363e+01 4.555562e+01 
9.999960e+02 4.098448e+01 3.620089e+01 
9.499950e+02 3.970544e+01 3.544538e+01 
8.999950e+02 3.879738e+01 3.464341e+01 
8.499930e+02 3.788690e+01 3.379034e+01 
7.999950e+02 3.696069e+01 3.288104e+01 
7.499970e+02 3.586210e+01 3.190947e+01 
6.999970e+02 3.477923e+01 3.086867e+01 
6.499950e+02 3.373569e+01 2.975067e+01 
5.999970e+02 3.257500e+01 2.854631e+01 
5.499960e+02 3.112399e+01 2.724455e+01 
4.999950e+02 2.949375e+01 2.583259e+01 
4.499950e+02 2.761633e+01 2.429517e+01 
3.999990e+02 2.572601e+01 2.261406e+01 
3.499900e+02 2.334516e+01 2.076643e+01 
2.999920e+02 2.113327e+01 1.872603e+01 
2.500010e+02 1.873165e+01 1.645942e+01 
2.000050e+02 1.612821e+01 1.392478e+01 
1.899980e+02 1.537107e+01 1.338099e+01 
1.799960e+02 1.468984e+01 1.282429e+01 
1.699990e+02 1.409409e+01 1.225422e+01 
1.599980e+02 1.343194e+01 1.166978e+01 
1.499970e+02 1.286544e+01 1.107070e+01 
1.399970e+02 1.226726e+01 1.045652e+01 
1.299990e+02 1.171329e+01 9.826791e+00 
1.199950e+02 1.121440e+01 9.180463e+00 
1.099960e+02 1.061129e+01 8.517724e+00 
1.000080e+02 1.011865e+01 7.838507e+00 
9.000010e+01 9.604536e+00 7.140209e+00 
7.999850e+01 9.138165e+00 6.424202e+00 
7.000180e+01 8.575907e+00 5.690079e+00 
6.000350e+01 8.151956e+00 4.937177e+00 
5.000580e+01 7.744234e+00 4.165670e+00 
4.000040e+01 7.326371e+00 3.375236e+00 
3.000550e+01 6.914415e+00 2.568161e+00 
1.999460e+01 6.471129e+00 1.743928e+00 
1.799700e+01 6.237238e+00 1.577784e+00 
1.599550e+01 6.042762e+00 1.410824e+00 
1.399840e+01 5.868931e+00 1.243775e+00 
1.199520e+01 5.718730e+00 1.075797e+00 
9.996540e+00 5.568589e+00 9.078261e-01 
8.005060e+00 5.418609e+00 7.401348e-01 
5.993650e+00 5.247843e+00 5.704917e-01 
3.999130e+00 5.025988e+00 4.020613e-01 
2.000600e+00 4.586552e+00 2.331461e-01 
1.798950e-04 3.573911e+00 6.399596e-02 
-2.004390e+00 1.713599e+00 -1.055051e-01 
-3.998840e+00 2.379657e-01 -2.740753e-01 
-6.004370e+00 -2.277681e-01 -4.434350e-01 
-7.992540e+00 -7.360020e-01 -6.111181e-01 
-9.996150e+00 -1.374040e+00 -7.798318e-01 
-1.200910e+01 -1.644256e+00 -9.490027e-01 
-1.400710e+01 -1.941435e+00 -1.116542e+00 
-1.599270e+01 -2.252641e+00 -1.282629e+00 
-1.799490e+01 -2.591149e+00 -1.449648e+00 
-2.000920e+01 -2.989657e+00 -1.617179e+00 
-3.000600e+01 -4.097218e+00 -2.440241e+00 
-4.000290e+01 -4.628367e+00 -3.247475e+00 
-5.000890e+01 -4.997480e+00 -4.037951e+00 
-5.999800e+01 -5.313871e+00 -4.808796e+00 
-7.000610e+01 -5.598569e+00 -5.562438e+00 
-7.999090e+01 -5.861794e+00 -6.295689e+00 
-9.001020e+01 -6.110161e+00 -7.012962e+00 
-1.000090e+02 -6.356391e+00 -7.710614e+00 
-1.100040e+02 -6.585585e+00 -8.390300e+00 
-1.199970e+02 -6.832157e+00 -9.052632e+00 
-1.300010e+02 -7.075706e+00 -9.698957e+00 
-1.399930e+02 -7.317863e+00 -1.032831e+01 
-1.499970e+02 -7.553327e+00 -1.094274e+01 
-1.599980e+02 -7.811734e+00 -1.154182e+01 
-1.700040e+02 -8.065444e+00 -1.212654e+01 
-1.799980e+02 -8.325907e+00 -1.269644e+01 
-1.899950e+02 -8.589718e+00 -1.325286e+01 
-1.999900e+02 -8.846431e+00 -1.379601e+01 
-2.500020e+02 -1.025998e+01 -1.633151e+01 
-3.000070e+02 -1.178315e+01 -1.859871e+01 
-3.500000e+02 -1.369659e+01 -2.063885e+01 
-4.000030e+02 -1.596599e+01 -2.248624e+01 
-4.499950e+02 -1.830101e+01 -2.416721e+01 
-5.000010e+02 -2.062097e+01 -2.570481e+01 
-5.500040e+02 -2.271048e+01 -2.711680e+01 
-6.000060e+02 -2.466694e+01 -2.841858e+01 
-6.499990e+02 -2.635988e+01 -2.962280e+01 
-7.000120e+02 -2.799778e+01 -3.074103e+01 
-7.500080e+02 -2.952238e+01 -3.178173e+01 
-8.000130e+02 -3.085726e+01 -3.275342e+01 
-8.500050e+02 -3.176976e+01 -3.366259e+01 
-9.000050e+02 -3.253750e+01 -3.451561e+01 
-9.500070e+02 -3.328609e+01 -3.531761e+01 
-1.000010e+03 -3.405403e+01 -3.607313e+01 
-2.000010e+03 -4.189073e+01 -4.542772e+01 
-3.000040e+03 -4.572198e+01 -4.990163e+01 
-4.000030e+03 -4.874718e+01 -5.260789e+01 
-5.000000e+03 -5.098226e+01 -5.447809e+01 
-6.000010e+03 -5.339194e+01 -5.588859e+01 
-7.000010e+03 -5.524778e+01 -5.702003e+01 
-7.999990e+03 -5.691593e+01 -5.796978e+01 
-9.000000e+03 -5.794335e+01 -5.879487e+01 
-9.999990e+03 -5.909073e+01 -5.953079e+01 
-1.100000e+04 -5.979718e+01 -6.020083e+01 
-1.200000e+04 -6.048125e+01 -6.082084e+01 
-1.300000e+04 -6.092077e+01 -6.140198e+01 
-1.400000e+04 -6.146048e+01 -6.195235e+01 
-1.500000e+04 -6.239093e+01 -6.247794e+01 
-1.600000e+04 -6.267016e+01 -6.298331e+01 
-1.700000e+04 -6.293206e+01 -6.347194e+01 
-1.800000e+04 -6.318488e+01 -6.394658e+01 
-1.900000e+04 -6.346310e+01 -6.440940e+01 
-1.800000e+04 -6.340665e+01 -6.394658e+01 
-1.700000e+04 -6.325746e+01 -6.347194e+01 
-1.600000e+04 -6.310786e+01 -6.298331e+01 
-1.500000e+04 -6.288831e+01 -6.247794e+01 
-1.400000e+04 -6.255423e+01 -6.195235e+01 
-1.300000e+04 -6.224657e+01 -6.140198e+01 
-1.200000e+04 -6.181552e+01 -6.082084e+01 
-1.100000e+04 -6.135101e+01 -6.020083e+01 
-9.999990e+03 -6.081694e+01 -5.953079e+01 
-9.000000e+03 -6.006411e+01 -5.879487e+01 
-7.999990e+03 -5.923972e+01 -5.796978e+01 
-7.000000e+03 -5.827722e+01 -5.702002e+01 
-6.000000e+03 -5.737177e+01 -5.588858e+01 
-4.999990e+03 -5.603286e+01 -5.447807e+01 
-4.000010e+03 -5.440262e+01 -5.260784e+01 
-3.000020e+03 -5.220685e+01 -4.990157e+01 
-2.000000e+03 -4.767319e+01 -4.542766e+01 
-9.999930e+02 -4.126653e+01 -3.607289e+01 
-9.499830e+02 -3.994637e+01 -3.531723e+01 
-8.999940e+02 -3.894637e+01 -3.451543e+01 
-8.500030e+02 -3.795282e+01 -3.366256e+01 
-7.999930e+02 -3.698891e+01 -3.275305e+01 
-7.499940e+02 -3.598569e+01 -3.178144e+01 
-6.999970e+02 -3.500383e+01 -3.074071e+01 
-6.500010e+02 -3.386613e+01 -2.962285e+01 
-5.999990e+02 -3.260625e+01 -2.841840e+01 
-5.499960e+02 -3.125867e+01 -2.711659e+01 
-4.999910e+02 -2.972964e+01 -2.570451e+01 
-4.500020e+02 -2.798185e+01 -2.416744e+01 
-3.999990e+02 -2.606048e+01 -2.248610e+01 
-3.499930e+02 -2.372440e+01 -2.063858e+01 
-2.999940e+02 -2.144798e+01 -1.859815e+01 
-2.499900e+02 -1.885593e+01 -1.633094e+01 
-1.999850e+02 -1.604776e+01 -1.379575e+01 
-1.899980e+02 -1.525710e+01 -1.325303e+01 
-1.799970e+02 -1.458214e+01 -1.269638e+01 
-1.699970e+02 -1.402496e+01 -1.212614e+01 
-1.600010e+02 -1.342125e+01 -1.154200e+01 
-1.499980e+02 -1.293609e+01 -1.094280e+01 
-1.400030e+02 -1.237339e+01 -1.032894e+01 
-1.300060e+02 -1.179990e+01 -9.699276e+00 
-1.200010e+02 -1.125933e+01 -9.052894e+00 
-1.099960e+02 -1.073054e+01 -8.389763e+00 
-1.000020e+02 -1.019605e+01 -7.710132e+00 
-8.999360e+01 -9.732319e+00 -7.011789e+00 
-7.999500e+01 -9.269778e+00 -6.295986e+00 
-7.000210e+01 -8.645040e+00 -5.562140e+00 
-5.999450e+01 -8.245423e+00 -4.808529e+00 
-5.000510e+01 -7.846694e+00 -4.037654e+00 
-3.998810e+01 -7.437964e+00 -3.246292e+00 
-2.999500e+01 -7.029859e+00 -2.439343e+00 
-2.000260e+01 -6.600262e+00 -1.616631e+00 
-1.799290e+01 -6.385363e+00 -1.449481e+00 
-1.600180e+01 -6.211129e+00 -1.283389e+00 
-1.399700e+01 -6.043508e+00 -1.115696e+00 
-1.200600e+01 -5.873145e+00 -9.487425e-01 
-9.992720e+00 -5.711472e+00 -7.795432e-01 
-8.002590e+00 -5.541492e+00 -6.119651e-01 
-6.001330e+00 -5.347359e+00 -4.431784e-01 
-4.002580e+00 -5.073206e+00 -2.743913e-01 
-1.992630e+00 -4.551835e+00 -1.045108e-01 
1.148410e-02 -3.523024e+00 6.495188e-02 
2.002090e+00 -1.810268e+00 2.332721e-01 
4.005790e+00 -1.403232e-01 4.026240e-01 
5.997460e+00 2.590403e-01 5.708133e-01 
7.996280e+00 7.287843e-01 7.393948e-01 
1.000510e+01 1.431224e+00 9.085462e-01 
1.199800e+01 1.695298e+00 1.076032e+00 
1.400980e+01 1.989502e+00 1.244730e+00 
1.599820e+01 2.297681e+00 1.411050e+00 
1.799890e+01 2.603690e+00 1.577943e+00 
2.000250e+01 3.079093e+00 1.744584e+00 
3.000520e+01 3.722016e+00 2.568137e+00 
4.001050e+01 4.429194e+00 3.376043e+00 
5.000480e+01 4.940020e+00 4.165592e+00 
6.000270e+01 5.319214e+00 4.937116e+00 
7.000010e+01 5.654254e+00 5.689953e+00 
7.999500e+01 5.966391e+00 6.423948e+00 
9.000190e+01 6.261472e+00 7.140337e+00 
9.999700e+01 6.524516e+00 7.837749e+00 
1.100010e+02 6.772601e+00 8.518060e+00 
1.200020e+02 7.018609e+00 9.180921e+00 
1.300040e+02 7.270222e+00 9.827110e+00 
1.399970e+02 7.525464e+00 1.045652e+01 
1.500060e+02 7.748750e+00 1.107125e+01 
1.600030e+02 7.992681e+00 1.167008e+01 
1.700110e+02 8.243065e+00 1.225491e+01 
1.799960e+02 8.499657e+00 1.282429e+01 
1.899920e+02 8.756210e+00 1.338066e+01 
2.000040e+02 9.124476e+00 1.392473e+01 
2.500070e+02 1.056442e+01 1.645971e+01 
3.000060e+02 1.210385e+01 1.872663e+01 
3.499990e+02 1.409571e+01 2.076678e+01 
4.000050e+02 1.646708e+01 2.261427e+01 
4.500080e+02 1.892492e+01 2.429559e+01 
4.999920e+02 2.140907e+01 2.583250e+01 
5.499970e+02 2.347056e+01 2.724458e+01 
5.999990e+02 2.539919e+01 2.854636e+01 
6.500100e+02 2.703105e+01 2.975102e+01 
7.000060e+02 2.859113e+01 3.086886e+01 
7.500010e+02 3.017903e+01 3.190955e+01 
8.000040e+02 3.125887e+01 3.288121e+01 
8.500160e+02 3.216109e+01 3.379075e+01 
9.000060e+02 3.291149e+01 3.464359e+01 
9.500090e+02 3.367702e+01 3.544560e+01 
9.999950e+02 3.432702e+01 3.620088e+01 
2.000010e+03 4.168266e+01 4.555568e+01 
3.000010e+03 4.592944e+01 5.002949e+01 
4.000000e+03 4.890706e+01 5.273578e+01 
5.000020e+03 5.114677e+01 5.460608e+01 
6.000010e+03 5.286915e+01 5.601655e+01 
7.000010e+03 5.553407e+01 5.714799e+01 
8.000010e+03 5.761714e+01 5.809776e+01 
8.999980e+03 5.871734e+01 5.892281e+01 
1.000000e+04 5.971552e+01 5.965876e+01 
1.100000e+04 6.049214e+01 6.032880e+01 
1.200000e+04 6.107601e+01 6.094880e+01 
1.300000e+04 6.162984e+01 6.152994e+01 
1.400000e+04 6.205887e+01 6.208031e+01 
1.500000e+04 6.275665e+01 6.260590e+01 
1.600000e+04 6.319657e+01 6.311127e+01 
1.700000e+04 6.341875e+01 6.359990e+01 
1.800000e+04 6.365565e+01 6.407454e+01 
1.900000e+04 6.387661e+01 6.453736e+01 
