script internal name (ver:210707): multilognorlanglmfit
data-filename:FF
this-filename:fits/FF.fit.04
[[Definition parameters]]
ndist: 1
weight: sep
[[status]]
Fit succeeded.
[[Fit Statistics]]
    # fitting method   = leastsq
    # function evals   = 2504
    # data points      = 125
    # variables        = 5
    chi-square         = 4324878.36
    reduced chi-square = 36040.6530
    Akaike info crit   = 1316.44760
    Bayesian info crit = 1330.58917
[[Variables]]
    N0:    1.6982e+20 +/- 2.1543e+20 (126.85%) (init = 6.371932e+17)
    mu0:  -0.17253989 +/- 2.03456642 (1179.19%) (init = 7.65)
    sig0:  2.90551909 +/- 0.29298791 (10.08%) (init = 1.596)
    C:    -2.2470e-04 +/- 7.1874e-05 (31.99%) (init = 0.001425788)
    T:     300 (fixed)
    dc:    0.16087614 +/- 0.03136671 (19.50%) (init = 0.06775413)
[[Correlations]] (unreported correlations are < 0.100)
    C(N0, mu0)   = -0.9997
    C(mu0, sig0) = -0.9997
    C(N0, sig0)  = +0.9988
    C(N0, C)     = -0.9633
    C(mu0, C)    = +0.9571
    C(sig0, C)   = -0.9502
[[Derived Parameters]]
    mean-mu      = 57.3+/-126.4 mb
    stddev       = 3903+/-10354 mb
    <mu>_mu      = 265806+/-867912 mb
    sum squares  = 2.837190e+03
    m_s          = (0.903+/-2.296)e+02 (units)
[[data]]
-1.900000e+04 -6.346310e+01 1.000000e-03 -6.373310e+01 
-1.800000e+04 -6.329577e+01 1.000000e-03 -6.348341e+01 
-1.700000e+04 -6.309476e+01 1.000000e-03 -6.320067e+01 
-1.600000e+04 -6.288901e+01 1.000000e-03 -6.288062e+01 
-1.500000e+04 -6.263962e+01 1.000000e-03 -6.251810e+01 
-1.400000e+04 -6.200736e+01 1.000000e-03 -6.210690e+01 
-1.300000e+04 -6.158367e+01 1.000000e-03 -6.163936e+01 
-1.200000e+04 -6.114839e+01 1.000000e-03 -6.110596e+01 
-1.100000e+04 -6.057409e+01 9.999950e-04 -6.049465e+01 
-9.999990e+03 -5.995383e+01 1.000000e-03 -5.978985e+01 
-9.000000e+03 -5.900373e+01 1.000000e-03 -5.897103e+01 
-7.999990e+03 -5.807782e+01 1.000003e-03 -5.801026e+01 
-7.000005e+03 -5.676250e+01 1.000008e-03 -5.686846e+01 
-6.000005e+03 -5.538185e+01 9.999950e-04 -5.548831e+01 
-4.999995e+03 -5.350756e+01 1.000008e-03 -5.378126e+01 
-4.000020e+03 -5.157489e+01 1.000018e-03 -5.160011e+01 
-3.000030e+03 -4.896441e+01 9.999925e-04 -4.867216e+01 
-2.000005e+03 -4.478195e+01 9.999858e-04 -4.440040e+01 
-1.000002e+03 -3.766024e+01 1.904744e-03 -3.698323e+01 
-9.499950e+02 -3.661630e+01 1.999960e-02 -3.643888e+01 
-8.999995e+02 -3.574195e+01 2.000180e-02 -3.586688e+01 
-8.500040e+02 -3.486129e+01 2.000070e-02 -3.526424e+01 
-8.000030e+02 -3.392305e+01 1.999940e-02 -3.462753e+01 
-7.500010e+02 -3.275400e+01 2.000030e-02 -3.395286e+01 
-7.000045e+02 -3.150076e+01 1.999980e-02 -3.323564e+01 
-6.500000e+02 -3.011301e+01 1.999960e-02 -3.247004e+01 
-6.000025e+02 -2.863657e+01 2.000000e-02 -3.164946e+01 
-5.500000e+02 -2.698455e+01 1.999870e-02 -3.076525e+01 
-4.999960e+02 -2.517526e+01 1.999970e-02 -2.980686e+01 
-4.499985e+02 -2.314145e+01 2.000100e-02 -2.876086e+01 
-4.000010e+02 -2.101323e+01 1.999960e-02 -2.760931e+01 
-3.499965e+02 -1.871051e+01 1.999990e-02 -2.632794e+01 
-3.000005e+02 -1.661561e+01 1.999990e-02 -2.488333e+01 
-2.499960e+02 -1.455802e+01 1.999740e-02 -2.322525e+01 
-1.999875e+02 -1.244713e+01 3.333361e-02 -2.127564e+01 
-1.899965e+02 -1.192338e+01 1.000500e-01 -2.084092e+01 
-1.799975e+02 -1.145403e+01 1.000200e-01 -2.038774e+01 
-1.700005e+02 -1.104525e+01 1.000100e-01 -1.991482e+01 
-1.599995e+02 -1.061647e+01 9.998500e-02 -1.941992e+01 
-1.499975e+02 -1.024470e+01 9.999250e-02 -1.890092e+01 
-1.399980e+02 -9.845540e+00 1.000300e-01 -1.835533e+01 
-1.300035e+02 -9.437765e+00 1.000050e-01 -1.778015e+01 
-1.199990e+02 -9.045717e+00 9.998250e-02 -1.717070e+01 
-1.100000e+02 -8.658124e+00 1.000325e-01 -1.652327e+01 
-1.000055e+02 -8.276270e+00 1.000095e-01 -1.583216e+01 
-9.000190e+01 -7.921329e+00 9.993729e-02 -1.508917e+01 
-7.999295e+01 -7.565748e+00 1.000110e-01 -1.428519e+01 
-7.000410e+01 -7.121839e+00 1.000165e-01 -1.341011e+01 
-5.999625e+01 -6.779654e+00 1.000145e-01 -1.244369e+01 
-5.000700e+01 -6.422090e+00 9.999625e-02 -1.136545e+01 
-3.999550e+01 -6.033120e+00 9.996751e-02 -1.013419e+01 
-3.000050e+01 -5.563346e+00 1.000520e-01 -8.693788e+00 
-2.000590e+01 -4.794704e+00 1.665751e-01 -6.927452e+00 
-1.799390e+01 -4.488225e+00 4.989211e-01 -6.513665e+00 
-1.599725e+01 -4.232079e+00 5.010208e-01 -6.076848e+00 
-1.400205e+01 -3.992307e+00 5.012908e-01 -5.609645e+00 
-1.200755e+01 -3.758663e+00 4.990499e-01 -5.105737e+00 
-9.994435e+00 -3.542552e+00 4.987550e-01 -4.550965e+00 
-7.997565e+00 -3.139303e+00 5.010541e-01 -3.942022e+00 
-6.002850e+00 -2.787461e+00 5.003934e-01 -3.255101e+00 
-4.000710e+00 -2.417595e+00 4.994581e-01 -2.449904e+00 
-1.998510e+00 -1.417152e+00 4.991836e-01 -1.445871e+00 
5.831997e-03 2.542338e-02 5.000181e-01 1.708834e-01 
2.001345e+00 1.387904e+00 5.004219e-01 1.769269e+00 
4.002460e+00 2.441630e+00 5.007248e-01 2.772429e+00 
5.995555e+00 2.753331e+00 5.002239e-01 3.574160e+00 
8.000670e+00 3.074278e+00 4.993427e-01 4.264776e+00 
1.000082e+01 3.499319e+00 5.005093e-01 4.874563e+00 
1.199660e+01 3.706974e+00 4.995903e-01 5.424606e+00 
1.400410e+01 3.929048e+00 4.999688e-01 5.931895e+00 
1.599685e+01 4.170183e+00 5.007699e-01 6.398510e+00 
1.799795e+01 4.420447e+00 4.997876e-01 6.836275e+00 
1.999855e+01 4.774730e+00 1.665640e-01 7.247736e+00 
3.000535e+01 5.318218e+00 9.996551e-02 9.016306e+00 
4.000545e+01 5.877709e+00 1.000002e-01 1.045726e+01 
5.000530e+01 6.342126e+00 1.000118e-01 1.168701e+01 
6.000310e+01 6.735583e+00 1.000218e-01 1.276614e+01 
7.000095e+01 7.115076e+00 1.000318e-01 1.373158e+01 
7.999675e+01 7.552255e+00 9.999975e-02 1.460726e+01 
9.000100e+01 7.933014e+00 9.997126e-02 1.541085e+01 
1.000025e+02 8.321510e+00 1.000125e-01 1.615369e+01 
1.099985e+02 8.691990e+00 1.000200e-01 1.684493e+01 
1.199985e+02 9.116546e+00 9.998500e-02 1.749242e+01 
1.300015e+02 9.491792e+00 1.000075e-01 1.810178e+01 
1.399970e+02 9.896361e+00 1.000000e-01 1.867702e+01 
1.500015e+02 1.030717e+01 9.998250e-02 1.922289e+01 
1.600005e+02 1.071236e+01 9.998250e-02 1.974173e+01 
1.700050e+02 1.116868e+01 1.000225e-01 2.023679e+01 
1.799960e+02 1.159475e+01 1.000500e-01 2.070942e+01 
1.899950e+02 1.206359e+01 9.995752e-02 2.116261e+01 
2.000045e+02 1.262633e+01 3.332833e-02 2.159811e+01 
2.500040e+02 1.464806e+01 2.000110e-02 2.354729e+01 
2.999990e+02 1.661861e+01 2.000190e-02 2.520504e+01 
3.499945e+02 1.872045e+01 1.999940e-02 2.664963e+01 
4.000020e+02 2.109653e+01 1.999860e-02 2.793109e+01 
4.500015e+02 2.327059e+01 2.000170e-02 2.908268e+01 
4.999935e+02 2.545141e+01 2.000100e-02 3.012856e+01 
5.499965e+02 2.729728e+01 1.999910e-02 3.108694e+01 
5.999980e+02 2.898709e+01 1.999880e-02 3.197114e+01 
6.500025e+02 3.038332e+01 1.999930e-02 3.279183e+01 
7.000015e+02 3.168516e+01 2.000070e-02 3.355734e+01 
7.499990e+02 3.302055e+01 2.000040e-02 3.427458e+01 
7.999995e+02 3.410977e+01 1.999890e-02 3.494923e+01 
8.500045e+02 3.502399e+01 1.999980e-02 3.558600e+01 
9.000005e+02 3.585444e+01 2.000050e-02 3.618864e+01 
9.500020e+02 3.669127e+01 2.000100e-02 3.676071e+01 
9.999955e+02 3.765574e+01 1.904756e-03 3.730491e+01 
2.000005e+03 4.519313e+01 9.999978e-04 4.472216e+01 
3.000000e+03 4.882459e+01 9.999975e-04 4.899381e+01 
4.000010e+03 5.141502e+01 9.999925e-04 5.192183e+01 
5.000015e+03 5.351462e+01 1.000010e-03 5.410305e+01 
5.999990e+03 5.521128e+01 1.000003e-03 5.581004e+01 
7.000010e+03 5.707933e+01 1.000000e-03 5.719022e+01 
7.999990e+03 5.857085e+01 1.000003e-03 5.833201e+01 
9.000005e+03 5.956563e+01 9.999950e-04 5.929278e+01 
1.000000e+04 6.038427e+01 1.000003e-03 6.011161e+01 
1.100000e+04 6.106381e+01 1.000000e-03 6.081640e+01 
1.200000e+04 6.161038e+01 1.000000e-03 6.142771e+01 
1.300000e+04 6.208548e+01 1.000000e-03 6.196111e+01 
1.400000e+04 6.247036e+01 1.000000e-03 6.242865e+01 
1.500000e+04 6.298690e+01 1.000000e-03 6.283985e+01 
1.600000e+04 6.334073e+01 1.000025e-03 6.320237e+01 
1.699995e+04 6.355514e+01 1.000025e-03 6.352241e+01 
1.799995e+04 6.377238e+01 1.000000e-03 6.380515e+01 
1.899995e+04 6.394818e+01 1.000000e-03 6.405484e+01 
