script internal name (ver:210707): multilognorlanglmfit
data-filename:horiz
this-filename:fits/horiz.fit.03
[[Definition parameters]]
ndist: 1
weight: sep
[[status]]
Fit succeeded.
[[Fit Statistics]]
    # fitting method   = leastsq
    # function evals   = 157
    # data points      = 125
    # variables        = 5
    chi-square         = 8775.26273
    reduced chi-square = 73.1271894
    Akaike info crit   = 541.422281
    Bayesian info crit = 555.563850
[[Variables]]
    N0:    1.6734e+17 +/- 6.5205e+14 (0.39%) (init = 2.064456e+17)
    mu0:   9.30508658 +/- 0.00828137 (0.09%) (init = 7.65)
    sig0:  0.44252702 +/- 0.01181580 (2.67%) (init = 1.596)
    C:     7.2014e-06 +/- 5.1986e-07 (7.22%) (init = 0.000349723)
    T:     300 (fixed)
    dc:   -7.0812e-04 +/- 0.00141290 (199.53%) (init = -0.004061279)
[[Correlations]] (unreported correlations are < 0.100)
    C(mu0, sig0) = -0.9692
    C(N0, mu0)   = -0.9218
    C(N0, C)     = -0.8412
    C(N0, sig0)  = +0.7987
    C(mu0, C)    = +0.7042
    C(sig0, C)   = -0.5756
[[Derived Parameters]]
    mean-mu      = 12124.7+/-118.7 mb
    stddev       = 5639.2+/-200.8 mb
    <mu>_mu      = 14747.5+/-261.6 mb
    sum squares  = 4.325614e+00
    m_s          = (1.88167+/-0.01983)e+01 (units)
[[data]]
-1.900000e+04 -1.859595e+01 1.000000e-03 -1.858941e+01 
-1.800000e+04 -1.857214e+01 1.000000e-03 -1.856194e+01 
-1.700000e+04 -1.854093e+01 1.000000e-03 -1.853209e+01 
-1.600000e+04 -1.850703e+01 9.917437e-04 -1.849941e+01 
-1.498335e+04 -1.846615e+01 1.000000e-03 -1.846270e+01 
-1.400000e+04 -1.842297e+01 1.008395e-03 -1.842312e+01 
-1.300000e+04 -1.837541e+01 1.000000e-03 -1.837784e+01 
-1.200000e+04 -1.831988e+01 1.000000e-03 -1.832621e+01 
-1.100000e+04 -1.825580e+01 1.000000e-03 -1.826650e+01 
-1.000000e+04 -1.818523e+01 1.000000e-03 -1.819629e+01 
-9.000000e+03 -1.809815e+01 9.999950e-04 -1.811208e+01 
-7.999990e+03 -1.799578e+01 9.999975e-04 -1.800862e+01 
-6.999995e+03 -1.786739e+01 1.000003e-03 -1.787765e+01 
-5.999995e+03 -1.770765e+01 1.000003e-03 -1.770545e+01 
-5.000000e+03 -1.749482e+01 1.000008e-03 -1.746729e+01 
-4.000010e+03 -1.713086e+01 9.999575e-04 -1.711393e+01 
-2.999915e+03 -1.653033e+01 9.999950e-04 -1.653160e+01 
-2.000000e+03 -1.537024e+01 1.000040e-03 -1.539319e+01 
-9.999950e+02 -1.239412e+01 1.904749e-03 -1.236399e+01 
-9.499930e+02 -1.212563e+01 2.000080e-02 -1.208783e+01 
-8.999990e+02 -1.184274e+01 2.000040e-02 -1.179088e+01 
-8.499950e+02 -1.153372e+01 2.000040e-02 -1.147100e+01 
-8.000010e+02 -1.120331e+01 1.999950e-02 -1.112607e+01 
-7.499925e+02 -1.084237e+01 2.000000e-02 -1.075347e+01 
-7.000010e+02 -1.045233e+01 2.000070e-02 -1.035073e+01 
-6.499960e+02 -1.002347e+01 1.999950e-02 -9.914676e+00 
-5.999985e+02 -9.551131e+00 2.000170e-02 -9.442318e+00 
-5.500045e+02 -9.032497e+00 1.999800e-02 -8.930262e+00 
-4.999885e+02 -8.453022e+00 2.000020e-02 -8.374696e+00 
-4.500055e+02 -7.804385e+00 2.000060e-02 -7.772654e+00 
-3.999915e+02 -7.078211e+00 1.999830e-02 -7.119859e+00 
-3.499970e+02 -6.271609e+00 1.999990e-02 -6.413753e+00 
-2.999910e+02 -5.378264e+00 2.000100e-02 -5.651373e+00 
-2.500020e+02 -4.478972e+00 2.000180e-02 -4.831776e+00 
-2.000000e+02 -3.523002e+00 3.333222e-02 -3.954927e+00 
-1.900000e+02 -3.337068e+00 1.000000e-01 -3.772938e+00 
-1.800000e+02 -3.158988e+00 9.998250e-02 -3.588824e+00 
-1.699965e+02 -2.994182e+00 1.000025e-01 -3.402565e+00 
-1.600005e+02 -2.840846e+00 1.000050e-01 -3.214423e+00 
-1.499975e+02 -2.643137e+00 9.998750e-02 -3.024186e+00 
-1.399980e+02 -2.455422e+00 1.000550e-01 -2.832120e+00 
-1.300085e+02 -2.283279e+00 1.000075e-01 -2.638429e+00 
-1.199995e+02 -2.110605e+00 9.996251e-02 -2.442624e+00 
-1.100010e+02 -1.937508e+00 1.000158e-01 -2.245379e+00 
-1.000027e+02 -1.765324e+00 1.000235e-01 -2.046593e+00 
-9.000570e+01 -1.593008e+00 9.999050e-02 -1.846398e+00 
-8.000075e+01 -1.421598e+00 9.994653e-02 -1.644721e+00 
-6.999500e+01 -1.255293e+00 9.997701e-02 -1.441827e+00 
-5.999615e+01 -1.067733e+00 1.000398e-01 -1.238005e+00 
-5.000295e+01 -8.955485e-01 1.000108e-01 -1.033370e+00 
-3.999830e+01 -7.242482e-01 9.999400e-02 -8.277135e-01 
-3.000175e+01 -5.611018e-01 1.000038e-01 -6.215878e-01 
-1.999905e+01 -4.065831e-01 1.667118e-01 -4.148537e-01 
-1.800500e+01 -3.566300e-01 4.998750e-01 -3.735972e-01 
-1.599805e+01 -3.141035e-01 4.998938e-01 -3.320622e-01 
-1.400415e+01 -2.737990e-01 4.995566e-01 -2.907869e-01 
-1.199450e+01 -2.349070e-01 4.989435e-01 -2.491764e-01 
-9.995680e+00 -1.951626e-01 5.004041e-01 -2.077824e-01 
-7.997730e+00 -1.592968e-01 5.009851e-01 -1.663999e-01 
-6.003545e+00 -1.207157e-01 5.003753e-01 -1.250902e-01 
-4.000730e+00 -8.549253e-02 5.001876e-01 -8.359783e-02 
-2.005045e+00 -4.736500e-02 5.002008e-01 -4.225059e-02 
-2.335675e-03 -1.105618e-02 4.994132e-01 -7.565110e-04 
1.999655e+00 2.651816e-02 4.999031e-01 4.072268e-02 
3.998440e+00 6.273451e-02 5.002676e-01 8.213415e-02 
5.997515e+00 1.009331e-01 4.997351e-01 1.235490e-01 
8.000560e+00 1.365582e-01 4.990474e-01 1.650422e-01 
1.000515e+01 1.751040e-01 5.007336e-01 2.065623e-01 
1.199470e+01 2.141893e-01 5.007072e-01 2.477643e-01 
1.399950e+01 2.538447e-01 4.995192e-01 2.892744e-01 
1.599855e+01 2.949706e-01 4.999375e-01 3.306563e-01 
1.800000e+01 3.399598e-01 5.006822e-01 3.720775e-01 
1.999310e+01 3.882798e-01 1.666306e-01 4.133143e-01 
3.000260e+01 5.447160e-01 9.996401e-02 6.201891e-01 
4.000030e+01 7.100817e-01 1.000045e-01 8.263384e-01 
5.000170e+01 8.819815e-01 9.999300e-02 1.031928e+00 
6.000170e+01 1.055838e+00 1.000120e-01 1.236702e+00 
6.999930e+01 1.242259e+00 1.000133e-01 1.440498e+00 
7.999905e+01 1.406013e+00 9.998925e-02 1.643270e+00 
9.000145e+01 1.578166e+00 9.999000e-02 1.844897e+00 
1.000010e+02 1.750981e+00 9.999975e-02 2.045145e+00 
1.100015e+02 1.922621e+00 1.000128e-01 2.243973e+00 
1.199985e+02 2.096293e+00 1.000250e-01 2.441188e+00 
1.299965e+02 2.267648e+00 9.999500e-02 2.636779e+00 
1.399995e+02 2.441697e+00 9.998500e-02 2.830732e+00 
1.499995e+02 2.627532e+00 9.997251e-02 3.022808e+00 
1.600050e+02 2.791515e+00 9.999000e-02 3.213092e+00 
1.700015e+02 2.986314e+00 1.000550e-01 3.401243e+00 
1.799940e+02 3.146934e+00 1.000450e-01 3.587296e+00 
1.899925e+02 3.322024e+00 9.996751e-02 3.771385e+00 
2.000005e+02 3.508743e+00 3.333778e-02 3.953519e+00 
2.499845e+02 4.468983e+00 1.999980e-02 4.830062e+00 
3.000015e+02 5.368500e+00 1.999680e-02 5.650123e+00 
3.500005e+02 6.315741e+00 2.000010e-02 6.412389e+00 
4.000010e+02 7.077979e+00 2.000030e-02 7.118572e+00 
4.499990e+02 7.803155e+00 1.999880e-02 7.771157e+00 
5.000070e+02 8.449379e+00 1.999940e-02 8.373493e+00 
5.500020e+02 9.027915e+00 2.000020e-02 8.928819e+00 
6.000060e+02 9.550569e+00 2.000120e-02 9.440975e+00 
6.499960e+02 1.002187e+01 2.000220e-02 9.913259e+00 
6.999950e+02 1.047480e+01 1.999860e-02 1.034926e+01 
7.500030e+02 1.084362e+01 2.000040e-02 1.075214e+01 
7.999930e+02 1.120157e+01 2.000140e-02 1.112460e+01 
8.499960e+02 1.154579e+01 1.999800e-02 1.146959e+01 
9.000030e+02 1.184253e+01 2.000470e-02 1.178949e+01 
9.499725e+02 1.211412e+01 2.000020e-02 1.208630e+01 
1.000002e+03 1.237532e+01 1.904712e-03 1.236261e+01 
2.000000e+03 1.536709e+01 9.999660e-04 1.539177e+01 
3.000070e+03 1.652843e+01 1.000000e-03 1.653030e+01 
4.000000e+03 1.713419e+01 1.000035e-03 1.711251e+01 
5.000000e+03 1.750005e+01 9.999850e-04 1.746587e+01 
6.000030e+03 1.771847e+01 9.999925e-04 1.770404e+01 
7.000015e+03 1.786767e+01 1.000010e-03 1.787624e+01 
8.000010e+03 1.801811e+01 1.000008e-03 1.800720e+01 
9.000000e+03 1.809824e+01 1.000005e-03 1.811066e+01 
1.000000e+04 1.818194e+01 1.000000e-03 1.819488e+01 
1.100000e+04 1.825284e+01 1.000000e-03 1.826508e+01 
1.200000e+04 1.831710e+01 9.999750e-04 1.832479e+01 
1.300005e+04 1.837266e+01 9.998750e-04 1.837643e+01 
1.400025e+04 1.842158e+01 9.999250e-04 1.842172e+01 
1.500020e+04 1.844288e+01 1.000125e-03 1.846192e+01 
1.600000e+04 1.850584e+01 1.000100e-03 1.849799e+01 
1.700000e+04 1.853472e+01 1.000000e-03 1.853068e+01 
1.800000e+04 1.856799e+01 1.000000e-03 1.856053e+01 
1.900000e+04 1.858704e+01 1.000000e-03 1.858800e+01 
