script internal name (ver:210707): multilognorlanglmfit
data-filename:horiz
this-filename:fits/horiz.fit.00
[[Definition parameters]]
ndist: 1
weight: sep
[[status]]
Fit succeeded.
[[Fit Statistics]]
    # fitting method   = leastsq
    # function evals   = 151
    # data points      = 249
    # variables        = 5
    chi-square         = 312236.263
    reduced chi-square = 1279.65682
    Akaike info crit   = 1786.38157
    Bayesian info crit = 1803.96884
[[Variables]]
    N0:    1.6744e+17 +/- 1.9661e+15 (1.17%) (init = 2.060885e+17)
    mu0:   9.30410767 +/- 0.02478311 (0.27%) (init = 7.65)
    sig0:  0.44360566 +/- 0.03511652 (7.92%) (init = 1.596)
    C:    -1.5408e-05 +/- 1.6161e-06 (10.49%) (init = 0.0003331639)
    T:     300 (fixed)
    dc:   -4.9612e-04 +/- 0.00424669 (855.98%) (init = -0.01247205)
[[Correlations]] (unreported correlations are < 0.100)
    C(mu0, sig0) = -0.9693
    C(N0, mu0)   = -0.9234
    C(N0, C)     = -0.8439
    C(N0, sig0)  = +0.8013
    C(mu0, C)    = +0.7083
    C(sig0, C)   = -0.5799
[[Derived Parameters]]
    mean-mu      = 12118.6+/-354.7 mb
    stddev       = 5651.5+/-597.5 mb
    <mu>_mu      = 14754.3+/-780.5 mb
    sum squares  = 9.122442e+02
    m_s          = (1.88185+/-0.05935)e+01 (units)
[[data]]
1.900000e+04 1.814925e+01 -1.000000e-03 1.816022e+01 
1.800000e+04 1.815704e+01 -1.000000e-03 1.815535e+01 
1.700000e+04 1.815129e+01 -1.000000e-03 1.814810e+01 
1.600000e+04 1.815304e+01 -1.000200e-03 1.813801e+01 
1.500040e+04 1.808786e+01 -1.000250e-03 1.812452e+01 
1.400050e+04 1.811707e+01 -9.998500e-04 1.810691e+01 
1.300010e+04 1.808946e+01 -9.997501e-04 1.808421e+01 
1.200000e+04 1.805889e+01 -9.999500e-04 1.805516e+01 
1.100000e+04 1.801507e+01 -1.000000e-03 1.801803e+01 
1.000000e+04 1.796607e+01 -9.999950e-04 1.797039e+01 
8.999990e+03 1.790504e+01 -1.000000e-03 1.790874e+01 
8.000000e+03 1.787029e+01 -1.000005e-03 1.782783e+01 
7.000000e+03 1.771654e+01 -1.000025e-03 1.771940e+01 
6.000050e+03 1.759664e+01 -9.999950e-04 1.756971e+01 
4.999990e+03 1.739589e+01 -9.999700e-04 1.735402e+01 
3.999990e+03 1.705296e+01 -1.000075e-03 1.702306e+01 
3.000140e+03 1.647789e+01 -1.000000e-03 1.646321e+01 
1.999990e+03 1.534382e+01 -9.999270e-04 1.534677e+01 
9.999940e+02 1.251461e+01 -1.904693e-03 1.234015e+01 
9.499520e+02 1.228689e+01 -2.000240e-02 1.206495e+01 
9.000060e+02 1.203879e+01 -2.000780e-02 1.176948e+01 
8.499910e+02 1.177689e+01 -1.999480e-02 1.145075e+01 
7.999800e+02 1.149854e+01 -2.000280e-02 1.110693e+01 
7.500050e+02 1.119882e+01 -2.000160e-02 1.073583e+01 
6.999880e+02 1.088164e+01 -1.999800e-02 1.033414e+01 
6.499950e+02 1.053825e+01 -2.000340e-02 9.899461e+00 
6.000050e+02 1.017425e+01 -2.000160e-02 9.428465e+00 
5.500030e+02 9.782643e+00 -1.999960e-02 8.917626e+00 
5.000030e+02 9.365464e+00 -1.999960e-02 8.363545e+00 
4.500010e+02 8.916357e+00 -2.000000e-02 7.762578e+00 
4.000030e+02 8.430679e+00 -2.000080e-02 7.111278e+00 
3.500050e+02 7.895214e+00 -1.999760e-02 6.406387e+00 
2.999910e+02 7.330750e+00 -1.999800e-02 5.645093e+00 
2.499950e+02 6.713643e+00 -2.000100e-02 4.826508e+00 
1.999960e+02 6.040250e+00 -3.333222e-02 3.950738e+00 
1.899930e+02 5.878929e+00 -1.000150e-01 3.768886e+00 
1.799990e+02 5.729464e+00 -1.000550e-01 3.585069e+00 
1.700040e+02 5.579393e+00 -1.000400e-01 3.399151e+00 
1.600070e+02 5.428929e+00 -9.998500e-02 3.211169e+00 
1.500010e+02 5.275286e+00 -9.994503e-02 3.021046e+00 
1.399960e+02 5.126107e+00 -9.994503e-02 2.829041e+00 
1.299900e+02 4.969750e+00 -1.000200e-01 2.635190e+00 
1.200000e+02 4.816214e+00 -1.000450e-01 2.439909e+00 
1.099990e+02 4.655071e+00 -9.999550e-02 2.242765e+00 
9.999910e+01 4.493714e+00 -9.998800e-02 2.044092e+00 
8.999660e+01 4.330750e+00 -1.000085e-01 1.843924e+00 
8.000080e+01 4.163286e+00 -1.000285e-01 1.642565e+00 
7.000230e+01 3.996250e+00 -1.000040e-01 1.439949e+00 
6.000160e+01 3.828857e+00 -9.996551e-02 1.236216e+00 
4.999540e+01 3.657036e+00 -9.995952e-02 1.031436e+00 
3.999350e+01 3.482968e+00 -1.000025e-01 8.259551e-01 
2.999590e+01 3.308914e+00 -9.999500e-02 6.199237e-01 
1.999250e+01 3.131254e+00 -1.667292e-01 4.132891e-01 
1.800040e+01 3.068707e+00 -5.008264e-01 3.720955e-01 
1.599910e+01 3.015954e+00 -4.995379e-01 3.307000e-01 
1.399670e+01 2.968957e+00 -4.989024e-01 2.892713e-01 
1.199030e+01 2.926846e+00 -5.012280e-01 2.477507e-01 
1.000650e+01 2.884079e+00 -5.008025e-01 2.066900e-01 
7.996710e+00 2.845068e+00 -4.985790e-01 1.650849e-01 
5.995100e+00 2.807414e+00 -5.002276e-01 1.236438e-01 
3.998530e+00 2.768543e+00 -5.014266e-01 8.230322e-02 
2.006480e+00 2.732268e+00 -4.997307e-01 4.105361e-02 
-3.625790e-03 2.692982e+00 -4.980526e-01 -5.712025e-04 
-2.009160e+00 2.656393e+00 -5.006453e-01 -4.210134e-02 
-3.998470e+00 2.618771e+00 -5.011966e-01 -8.329422e-02 
-5.999610e+00 2.585061e+00 -4.997314e-01 -1.247294e-01 
-8.000620e+00 2.549839e+00 -5.007574e-01 -1.661581e-01 
-9.993560e+00 2.514921e+00 -5.003903e-01 -2.074144e-01 
-1.199750e+01 2.477321e+00 -4.980154e-01 -2.488919e-01 
-1.400950e+01 2.442104e+00 -4.993259e-01 -2.905284e-01 
-1.600290e+01 2.406082e+00 -5.006884e-01 -3.317709e-01 
-1.800400e+01 2.370307e+00 -5.003753e-01 -3.731622e-01 
-1.999990e+01 2.334114e+00 -1.667097e-01 -4.144343e-01 
-3.000090e+01 2.201511e+00 -1.000210e-01 -6.210191e-01 
-3.999570e+01 2.048161e+00 -9.999700e-02 -8.269926e-01 
-5.000150e+01 1.880007e+00 -9.996551e-02 -1.032554e+00 
-6.000260e+01 1.707300e+00 -1.000290e-01 -1.237229e+00 
-6.999570e+01 1.503093e+00 -1.000040e-01 -1.440807e+00 
-8.000180e+01 1.338257e+00 -9.991357e-02 -1.643578e+00 
-9.001300e+01 1.162593e+00 -1.000325e-01 -1.845246e+00 
-9.999530e+01 9.833607e-01 -1.000550e-01 -2.045008e+00 
-1.100020e+02 7.991750e-01 -9.999150e-02 -2.243816e+00 
-1.199970e+02 6.123321e-01 -9.994503e-02 -2.440842e+00 
-1.300130e+02 4.257714e-01 -9.996501e-02 -2.636629e+00 
-1.400040e+02 2.374268e-01 -1.000751e-01 -2.830187e+00 
-1.499980e+02 1.646371e-02 -1.000250e-01 -3.021981e+00 
-1.599990e+02 -2.270364e-01 -9.998500e-02 -3.212010e+00 
-1.700010e+02 -3.825857e-01 -9.999000e-02 -3.400087e+00 
-1.800010e+02 -5.641036e-01 -9.997501e-02 -3.586098e+00 
-1.900060e+02 -7.646929e-01 -1.000100e-01 -3.770116e+00 
-1.999990e+02 -9.777214e-01 -3.333333e-02 -3.951784e+00 
-2.500060e+02 -2.212864e+00 -2.000140e-02 -4.827686e+00 
-2.999920e+02 -3.392307e+00 -2.000060e-02 -5.646101e+00 
-3.500030e+02 -4.609643e+00 -1.999980e-02 -6.407350e+00 
-3.999930e+02 -5.692107e+00 -2.000080e-02 -7.112135e+00 
-4.499990e+02 -6.657357e+00 -2.000100e-02 -7.763545e+00 
-4.999880e+02 -7.499500e+00 -2.000000e-02 -8.364365e+00 
-5.499990e+02 -8.237429e+00 -1.999700e-02 -8.918576e+00 
-6.000030e+02 -8.885000e+00 -1.999960e-02 -9.429437e+00 
-6.500010e+02 -9.462143e+00 -2.000020e-02 -9.900508e+00 
-7.000020e+02 -9.977821e+00 -2.000120e-02 -1.033525e+01 
-7.499950e+02 -1.043879e+01 -2.000000e-02 -1.073674e+01 
-8.000020e+02 -1.085693e+01 -1.999900e-02 -1.110808e+01 
-8.500000e+02 -1.123607e+01 -2.000000e-02 -1.145180e+01 
-9.000020e+02 -1.158364e+01 -2.000220e-02 -1.177045e+01 
-9.499890e+02 -1.189950e+01 -2.000040e-02 -1.206616e+01 
-1.000000e+03 -1.219171e+01 -1.904724e-03 -1.234117e+01 
-2.000010e+03 -1.529900e+01 -9.999950e-04 -1.534780e+01 
-3.000010e+03 -1.644625e+01 -9.999950e-04 -1.646410e+01 
-4.000020e+03 -1.702954e+01 -1.000000e-03 -1.702407e+01 
-5.000010e+03 -1.737296e+01 -1.000000e-03 -1.735501e+01 
-6.000020e+03 -1.756154e+01 -1.000010e-03 -1.757070e+01 
-6.999990e+03 -1.769861e+01 -1.000015e-03 -1.772039e+01 
-7.999990e+03 -1.780521e+01 -9.999900e-04 -1.782882e+01 
-9.000010e+03 -1.788432e+01 -9.999950e-04 -1.790973e+01 
-1.000000e+04 -1.795136e+01 -1.000005e-03 -1.797138e+01 
-1.100000e+04 -1.799729e+01 -1.000000e-03 -1.801902e+01 
-1.200000e+04 -1.803757e+01 -1.000000e-03 -1.805615e+01 
-1.300000e+04 -1.807111e+01 -1.000000e-03 -1.808520e+01 
-1.400000e+04 -1.809786e+01 -1.016932e-03 -1.810789e+01 
-1.496670e+04 -1.811704e+01 -1.000000e-03 -1.812500e+01 
-1.600000e+04 -1.813561e+01 -9.836227e-04 -1.813900e+01 
-1.700000e+04 -1.815075e+01 -1.000000e-03 -1.814909e+01 
-1.800000e+04 -1.816486e+01 -1.000000e-03 -1.815634e+01 
-1.900000e+04 -1.816900e+01 8.100052e+09 -1.816121e+01 
-1.800000e+04 -1.817046e+01 1.000000e-03 -1.815634e+01 
-1.700000e+04 -1.816711e+01 1.000000e-03 -1.814909e+01 
-1.600000e+04 -1.815939e+01 1.000000e-03 -1.813900e+01 
-1.500000e+04 -1.814196e+01 1.000000e-03 -1.812551e+01 
-1.400000e+04 -1.811889e+01 1.000000e-03 -1.810789e+01 
-1.300000e+04 -1.809546e+01 1.000000e-03 -1.808520e+01 
-1.200000e+04 -1.806289e+01 1.000000e-03 -1.805615e+01 
-1.100000e+04 -1.801996e+01 1.000000e-03 -1.801902e+01 
-1.000000e+04 -1.796968e+01 9.999950e-04 -1.797138e+01 
-8.999990e+03 -1.790750e+01 9.999950e-04 -1.790973e+01 
-7.999990e+03 -1.782682e+01 1.000005e-03 -1.782882e+01 
-7.000000e+03 -1.772157e+01 9.999900e-04 -1.772039e+01 
-5.999970e+03 -1.758411e+01 9.999950e-04 -1.757069e+01 
-4.999990e+03 -1.739196e+01 1.000015e-03 -1.735501e+01 
-4.000000e+03 -1.705243e+01 9.999150e-04 -1.702406e+01 
-2.999820e+03 -1.647964e+01 9.999950e-04 -1.646396e+01 
-1.999990e+03 -1.535161e+01 1.000085e-03 -1.534776e+01 
-9.999900e+02 -1.255161e+01 1.904775e-03 -1.234112e+01 
-9.499970e+02 -1.230907e+01 2.000120e-02 -1.206620e+01 
-8.999960e+02 -1.206139e+01 1.999860e-02 -1.177041e+01 
-8.499900e+02 -1.179318e+01 2.000080e-02 -1.145174e+01 
-8.000000e+02 -1.151375e+01 2.000000e-02 -1.110807e+01 
-7.499900e+02 -1.121225e+01 2.000000e-02 -1.073670e+01 
-7.000000e+02 -1.089539e+01 2.000020e-02 -1.033523e+01 
-6.499910e+02 -1.055561e+01 1.999880e-02 -9.900417e+00 
-5.999940e+02 -1.019032e+01 2.000380e-02 -9.429349e+00 
-5.500100e+02 -9.802821e+00 1.999900e-02 -8.918693e+00 
-4.999890e+02 -9.384071e+00 2.000040e-02 -8.364376e+00 
-4.500120e+02 -8.931143e+00 2.000020e-02 -7.763708e+00 
-3.999900e+02 -8.446357e+00 1.999580e-02 -7.112094e+00 
-3.499910e+02 -7.917929e+00 2.000000e-02 -6.407174e+00 
-2.999900e+02 -7.350750e+00 2.000140e-02 -5.646069e+00 
-2.499980e+02 -6.733893e+00 2.000220e-02 -4.827551e+00 
-2.000010e+02 -6.059286e+00 3.333111e-02 -3.951820e+00 
-1.899940e+02 -5.900929e+00 9.999000e-02 -3.769897e+00 
-1.799990e+02 -5.745786e+00 9.999000e-02 -3.586061e+00 
-1.699920e+02 -5.598143e+00 1.000150e-01 -3.399919e+00 
-1.600020e+02 -5.447464e+00 1.000250e-01 -3.212066e+00 
-1.499970e+02 -5.296000e+00 9.995002e-02 -3.021962e+00 
-1.399920e+02 -5.142000e+00 1.000350e-01 -2.829956e+00 
-1.300040e+02 -4.986500e+00 1.000500e-01 -2.636454e+00 
-1.200020e+02 -4.828143e+00 9.998000e-02 -2.440941e+00 
-1.100000e+02 -4.669250e+00 1.000400e-01 -2.243777e+00 
-1.000100e+02 -4.509500e+00 9.999200e-02 -2.045301e+00 
-8.999840e+01 -4.344571e+00 9.994853e-02 -1.844953e+00 
-7.999970e+01 -4.177857e+00 9.997950e-02 -1.643535e+00 
-6.999430e+01 -4.010536e+00 9.995002e-02 -1.440779e+00 
-5.998970e+01 -3.840071e+00 1.000505e-01 -1.236965e+00 
-5.000440e+01 -3.668857e+00 1.000560e-01 -1.032613e+00 
-4.000090e+01 -3.494861e+00 9.999100e-02 -8.270996e-01 
-3.000260e+01 -3.322368e+00 9.998650e-02 -6.210542e-01 
-1.999820e+01 -3.146382e+00 1.667139e-01 -4.143992e-01 
-1.800600e+01 -3.082764e+00 4.993758e-01 -3.732036e-01 
-1.599320e+01 -3.033539e+00 4.991016e-01 -3.315702e-01 
-1.399880e+01 -2.989046e+00 4.997876e-01 -2.903070e-01 
-1.199150e+01 -2.946589e+00 4.998750e-01 -2.487678e-01 
-9.997800e+00 -2.904796e+00 5.004178e-01 -2.075022e-01 
-7.994840e+00 -2.868071e+00 5.012129e-01 -1.660384e-01 
-6.007480e+00 -2.826225e+00 5.010208e-01 -1.248924e-01 
-4.002990e+00 -2.789582e+00 4.991826e-01 -8.338781e-02 
-2.000930e+00 -2.751029e+00 4.997571e-01 -4.193092e-02 
-1.045560e-03 -2.715096e+00 5.007812e-01 -5.177714e-04 
1.992830e+00 -2.679311e+00 5.000756e-01 4.077095e-02 
3.998350e+00 -2.643254e+00 4.991141e-01 8.229949e-02 
5.999930e+00 -2.605818e+00 4.992436e-01 1.237438e-01 
8.004410e+00 -2.572321e+00 4.995167e-01 1.652443e-01 
1.000380e+01 -2.534318e+00 5.006646e-01 2.066341e-01 
1.199910e+01 -2.499021e+00 5.001876e-01 2.479328e-01 
1.400230e+01 -2.461911e+00 5.001375e-01 2.893872e-01 
1.599800e+01 -2.426729e+00 5.003377e-01 3.306772e-01 
1.799960e+01 -2.389593e+00 5.005381e-01 3.720790e-01 
1.999370e+01 -2.355593e+00 1.665321e-01 4.133139e-01 
3.000930e+01 -2.220857e+00 9.993304e-02 6.202002e-01 
4.000710e+01 -2.064614e+00 1.000065e-01 8.262350e-01 
5.000800e+01 -1.895321e+00 1.000265e-01 1.031695e+00 
6.000180e+01 -1.719879e+00 1.000585e-01 1.236220e+00 
6.999630e+01 -1.514875e+00 1.000225e-01 1.439827e+00 
7.999730e+01 -1.354857e+00 9.995002e-02 1.642494e+00 
9.000630e+01 -1.178457e+00 9.997151e-02 1.844119e+00 
1.000030e+02 -9.962429e-01 1.000115e-01 2.044170e+00 
1.100040e+02 -8.147679e-01 1.000300e-01 2.242864e+00 
1.199970e+02 -6.290250e-01 1.000050e-01 2.439850e+00 
1.300030e+02 -4.402750e-01 9.997001e-02 2.635443e+00 
1.400030e+02 -2.489907e-01 1.000250e-01 2.829176e+00 
1.499980e+02 -2.696629e-02 1.000000e-01 3.020989e+00 
1.600030e+02 1.468939e-01 9.999500e-02 3.211093e+00 
1.699990e+02 3.855893e-01 1.000700e-01 3.399058e+00 
1.799890e+02 5.562893e-01 1.000350e-01 3.584884e+00 
1.899920e+02 7.565786e-01 9.992006e-02 3.768868e+00 
2.000050e+02 9.682821e-01 3.334334e-02 3.950900e+00 
2.499740e+02 2.212982e+00 1.999860e-02 4.826152e+00 
3.000120e+02 3.392896e+00 1.999560e-02 5.645425e+00 
3.499960e+02 4.720500e+00 2.000260e-02 6.406255e+00 
3.999990e+02 5.707286e+00 1.999980e-02 7.111224e+00 
4.499970e+02 6.669714e+00 1.999760e-02 7.762528e+00 
5.000110e+02 7.510857e+00 1.999920e-02 8.363638e+00 
5.500010e+02 8.248464e+00 2.000080e-02 8.917605e+00 
6.000070e+02 8.899929e+00 2.000080e-02 9.428484e+00 
6.499970e+02 9.476286e+00 2.000100e-02 9.899479e+00 
7.000020e+02 1.003654e+01 1.999920e-02 1.033426e+01 
7.500010e+02 1.045471e+01 1.999920e-02 1.073579e+01 
8.000060e+02 1.086868e+01 2.000000e-02 1.110712e+01 
8.500010e+02 1.127650e+01 2.000120e-02 1.145082e+01 
9.000000e+02 1.160582e+01 2.000160e-02 1.176945e+01 
9.499930e+02 1.189868e+01 1.999800e-02 1.206519e+01 
1.000010e+03 1.219111e+01 1.904731e-03 1.234023e+01 
2.000010e+03 1.530050e+01 1.000005e-03 1.534680e+01 
3.000000e+03 1.644418e+01 1.000000e-03 1.646311e+01 
4.000010e+03 1.703564e+01 9.999950e-04 1.702307e+01 
5.000010e+03 1.737950e+01 1.000000e-03 1.735402e+01 
6.000010e+03 1.757064e+01 9.999900e-04 1.756971e+01 
7.000030e+03 1.770421e+01 9.999950e-04 1.771940e+01 
8.000020e+03 1.780639e+01 1.000010e-03 1.782783e+01 
9.000010e+03 1.788696e+01 1.000010e-03 1.790874e+01 
1.000000e+04 1.794839e+01 1.000005e-03 1.797039e+01 
1.100000e+04 1.799625e+01 1.000000e-03 1.801803e+01 
1.200000e+04 1.803600e+01 1.000000e-03 1.805516e+01 
1.300000e+04 1.807161e+01 1.000000e-03 1.808420e+01 
1.400000e+04 1.809689e+01 1.000000e-03 1.810690e+01 
1.500000e+04 1.812375e+01 1.000000e-03 1.812452e+01 
1.600000e+04 1.813957e+01 1.000000e-03 1.813801e+01 
1.700000e+04 1.815414e+01 1.000000e-03 1.814810e+01 
1.800000e+04 1.817000e+01 1.000000e-03 1.815535e+01 
1.900000e+04 1.817093e+01 1.000000e-03 1.816022e+01 
