script internal name (ver:210707): multilognorlanglmfit
data-filename:horiz
this-filename:fits/horiz.fit.18
[[Definition parameters]]
ndist: 1
weight: sep
[[status]]
Fit succeeded.
[[Fit Statistics]]
    # fitting method   = leastsq
    # function evals   = 163
    # data points      = 125
    # variables        = 5
    chi-square         = 8775.26273
    reduced chi-square = 73.1271894
    Akaike info crit   = 541.422281
    Bayesian info crit = 555.563850
[[Variables]]
    N0:    1.6734e+17 +/- 6.5205e+14 (0.39%) (init = 2.064456e+17)
    mu0:   9.30508663 +/- 0.00828137 (0.09%) (init = 7.65)
    sig0:  0.44252695 +/- 0.01181580 (2.67%) (init = 1.596)
    C:    -1.5269e-05 +/- 5.1986e-07 (3.40%) (init = 0.0003272522)
    T:     300 (fixed)
    dc:   -7.0812e-04 +/- 0.00141290 (199.53%) (init = -0.004061277)
[[Correlations]] (unreported correlations are < 0.100)
    C(mu0, sig0) = -0.9692
    C(N0, mu0)   = -0.9218
    C(N0, C)     = -0.8412
    C(N0, sig0)  = +0.7987
    C(mu0, C)    = +0.7042
    C(sig0, C)   = -0.5756
[[Derived Parameters]]
    mean-mu      = 12124.7+/-118.7 mb
    stddev       = 5639.2+/-200.8 mb
    <mu>_mu      = 14747.5+/-261.6 mb
    sum squares  = 4.325612e+00
    m_s          = (1.88167+/-0.01983)e+01 (units)
[[data]]
-1.900000e+04 -1.816900e+01 1.000000e-03 -1.816246e+01 
-1.800000e+04 -1.816766e+01 1.000000e-03 -1.815747e+01 
-1.700000e+04 -1.815893e+01 1.000000e-03 -1.815009e+01 
-1.600000e+04 -1.814750e+01 9.917437e-04 -1.813988e+01 
-1.498335e+04 -1.812946e+01 1.000000e-03 -1.812601e+01 
-1.400000e+04 -1.810838e+01 1.008395e-03 -1.810853e+01 
-1.300000e+04 -1.808329e+01 1.000000e-03 -1.808572e+01 
-1.200000e+04 -1.805023e+01 1.000000e-03 -1.805656e+01 
-1.100000e+04 -1.800863e+01 1.000000e-03 -1.801932e+01 
-1.000000e+04 -1.796052e+01 1.000000e-03 -1.797158e+01 
-9.000000e+03 -1.789591e+01 9.999950e-04 -1.790984e+01 
-7.999990e+03 -1.781602e+01 9.999975e-04 -1.782885e+01 
-6.999995e+03 -1.771009e+01 1.000003e-03 -1.772036e+01 
-5.999995e+03 -1.757282e+01 1.000003e-03 -1.757062e+01 
-5.000000e+03 -1.738246e+01 1.000008e-03 -1.735493e+01 
-4.000010e+03 -1.704098e+01 9.999575e-04 -1.702405e+01 
-2.999915e+03 -1.646292e+01 9.999950e-04 -1.646419e+01 
-2.000000e+03 -1.532529e+01 1.000040e-03 -1.534825e+01 
-9.999950e+02 -1.237165e+01 1.904749e-03 -1.234152e+01 
-9.499930e+02 -1.210429e+01 2.000080e-02 -1.206648e+01 
-8.999990e+02 -1.182251e+01 2.000040e-02 -1.177066e+01 
-8.499950e+02 -1.151462e+01 2.000040e-02 -1.145190e+01 
-8.000010e+02 -1.118534e+01 1.999950e-02 -1.110810e+01 
-7.499925e+02 -1.082551e+01 2.000000e-02 -1.073662e+01 
-7.000010e+02 -1.043661e+01 2.000070e-02 -1.033500e+01 
-6.499960e+02 -1.000886e+01 1.999950e-02 -9.900070e+00 
-5.999985e+02 -9.537648e+00 2.000170e-02 -9.428835e+00 
-5.500045e+02 -9.020138e+00 1.999800e-02 -8.917902e+00 
-4.999885e+02 -8.441787e+00 2.000020e-02 -8.363460e+00 
-4.500055e+02 -7.794273e+00 2.000060e-02 -7.762542e+00 
-3.999915e+02 -7.069223e+00 1.999830e-02 -7.110871e+00 
-3.499970e+02 -6.263744e+00 1.999990e-02 -6.405889e+00 
-2.999910e+02 -5.371522e+00 2.000100e-02 -5.644632e+00 
-2.500020e+02 -4.473354e+00 2.000180e-02 -4.826158e+00 
-2.000000e+02 -3.518508e+00 3.333222e-02 -3.950432e+00 
-1.900000e+02 -3.332798e+00 1.000000e-01 -3.768668e+00 
-1.800000e+02 -3.154943e+00 9.998250e-02 -3.584779e+00 
-1.699965e+02 -2.990362e+00 1.000025e-01 -3.398745e+00 
-1.600005e+02 -2.837251e+00 1.000050e-01 -3.210828e+00 
-1.499975e+02 -2.639766e+00 9.998750e-02 -3.020815e+00 
-1.399980e+02 -2.452276e+00 1.000550e-01 -2.828974e+00 
-1.300085e+02 -2.280357e+00 1.000075e-01 -2.635508e+00 
-1.199995e+02 -2.107909e+00 9.996251e-02 -2.439927e+00 
-1.100010e+02 -1.935036e+00 1.000158e-01 -2.242907e+00 
-1.000027e+02 -1.763077e+00 1.000235e-01 -2.044346e+00 
-9.000570e+01 -1.590985e+00 9.999050e-02 -1.844376e+00 
-8.000075e+01 -1.419800e+00 9.994653e-02 -1.642923e+00 
-6.999500e+01 -1.253720e+00 9.997701e-02 -1.440254e+00 
-5.999615e+01 -1.066385e+00 1.000398e-01 -1.236657e+00 
-5.000295e+01 -8.944249e-01 1.000108e-01 -1.032246e+00 
-3.999830e+01 -7.233494e-01 9.999400e-02 -8.268146e-01 
-3.000175e+01 -5.604276e-01 1.000038e-01 -6.209136e-01 
-1.999905e+01 -4.061337e-01 1.667118e-01 -4.144042e-01 
-1.800500e+01 -3.562254e-01 4.998750e-01 -3.731926e-01 
-1.599805e+01 -3.137441e-01 4.998938e-01 -3.317027e-01 
-1.400415e+01 -2.734843e-01 4.995566e-01 -2.904722e-01 
-1.199450e+01 -2.346375e-01 4.989435e-01 -2.489069e-01 
-9.995680e+00 -1.949380e-01 5.004041e-01 -2.075577e-01 
-7.997730e+00 -1.591171e-01 5.009851e-01 -1.662201e-01 
-6.003545e+00 -1.205808e-01 5.003753e-01 -1.249553e-01 
-4.000730e+00 -8.540263e-02 5.001876e-01 -8.350792e-02 
-2.005045e+00 -4.731994e-02 5.002008e-01 -4.220553e-02 
-2.335675e-03 -1.105613e-02 4.994132e-01 -7.564593e-04 
1.999655e+00 2.647323e-02 4.999031e-01 4.067774e-02 
3.998440e+00 6.264467e-02 5.002676e-01 8.204429e-02 
5.997515e+00 1.007983e-01 4.997351e-01 1.234143e-01 
8.000560e+00 1.363784e-01 4.990474e-01 1.648625e-01 
1.000515e+01 1.748792e-01 5.007336e-01 2.063374e-01 
1.199470e+01 2.139198e-01 5.007072e-01 2.474948e-01 
1.399950e+01 2.535301e-01 4.995192e-01 2.889598e-01 
1.599855e+01 2.946111e-01 4.999375e-01 3.302968e-01 
1.800000e+01 3.395553e-01 5.006822e-01 3.716730e-01 
1.999310e+01 3.878306e-01 1.666306e-01 4.128651e-01 
3.000260e+01 5.440418e-01 9.996401e-02 6.195149e-01 
4.000030e+01 7.091828e-01 1.000045e-01 8.254395e-01 
5.000170e+01 8.808579e-01 9.999300e-02 1.030804e+00 
6.000170e+01 1.054489e+00 1.000120e-01 1.235354e+00 
6.999930e+01 1.240686e+00 1.000133e-01 1.438925e+00 
7.999905e+01 1.404215e+00 9.998925e-02 1.641472e+00 
9.000145e+01 1.576143e+00 9.999000e-02 1.842874e+00 
1.000010e+02 1.748734e+00 9.999975e-02 2.042898e+00 
1.100015e+02 1.920149e+00 1.000128e-01 2.241501e+00 
1.199985e+02 2.093597e+00 1.000250e-01 2.438491e+00 
1.299965e+02 2.264727e+00 9.999500e-02 2.633858e+00 
1.399995e+02 2.438551e+00 9.998500e-02 2.827586e+00 
1.499995e+02 2.624162e+00 9.997251e-02 3.019437e+00 
1.600050e+02 2.787920e+00 9.999000e-02 3.209497e+00 
1.700015e+02 2.982494e+00 1.000550e-01 3.397423e+00 
1.799940e+02 3.142889e+00 1.000450e-01 3.583252e+00 
1.899925e+02 3.317755e+00 9.996751e-02 3.767115e+00 
2.000005e+02 3.504249e+00 3.333778e-02 3.949025e+00 
2.499845e+02 4.463366e+00 1.999980e-02 4.824445e+00 
3.000015e+02 5.361759e+00 1.999680e-02 5.643381e+00 
3.500005e+02 6.307876e+00 2.000010e-02 6.404524e+00 
4.000010e+02 7.068991e+00 2.000030e-02 7.109583e+00 
4.499990e+02 7.793043e+00 1.999880e-02 7.761045e+00 
5.000070e+02 8.438144e+00 1.999940e-02 8.362258e+00 
5.500020e+02 9.015556e+00 2.000020e-02 8.916460e+00 
6.000060e+02 9.537086e+00 2.000120e-02 9.427492e+00 
6.499960e+02 1.000727e+01 2.000220e-02 9.898653e+00 
6.999950e+02 1.045907e+01 1.999860e-02 1.033354e+01 
7.500030e+02 1.082677e+01 2.000040e-02 1.073528e+01 
7.999930e+02 1.118359e+01 2.000140e-02 1.110662e+01 
8.499960e+02 1.152669e+01 1.999800e-02 1.145049e+01 
9.000030e+02 1.182230e+01 2.000470e-02 1.176927e+01 
9.499725e+02 1.209277e+01 2.000020e-02 1.206495e+01 
1.000002e+03 1.235285e+01 1.904712e-03 1.234014e+01 
2.000000e+03 1.532215e+01 9.999660e-04 1.534683e+01 
3.000070e+03 1.646102e+01 1.000000e-03 1.646289e+01 
4.000000e+03 1.704430e+01 1.000035e-03 1.702263e+01 
5.000000e+03 1.738770e+01 9.999850e-04 1.735352e+01 
6.000030e+03 1.758364e+01 9.999925e-04 1.756921e+01 
7.000015e+03 1.771038e+01 1.000010e-03 1.771894e+01 
8.000010e+03 1.783834e+01 1.000008e-03 1.782743e+01 
9.000000e+03 1.789600e+01 1.000005e-03 1.790843e+01 
1.000000e+04 1.795723e+01 1.000000e-03 1.797017e+01 
1.100000e+04 1.800566e+01 1.000000e-03 1.801791e+01 
1.200000e+04 1.804745e+01 9.999750e-04 1.805514e+01 
1.300005e+04 1.808054e+01 9.998750e-04 1.808430e+01 
1.400025e+04 1.810698e+01 9.999250e-04 1.810712e+01 
1.500020e+04 1.810581e+01 1.000125e-03 1.812485e+01 
1.600000e+04 1.814630e+01 1.000100e-03 1.813846e+01 
1.700000e+04 1.815271e+01 1.000000e-03 1.814867e+01 
1.800000e+04 1.816352e+01 1.000000e-03 1.815605e+01 
1.900000e+04 1.816009e+01 1.000000e-03 1.816105e+01 
