script internal name (ver:210707): multilognorlanglmfit
data-filename:para
this-filename:fits/para.fit.00
[[Definition parameters]]
ndist: 1
weight: sep
[[status]]
Fit succeeded.
[[Fit Statistics]]
    # fitting method   = leastsq
    # function evals   = 115
    # data points      = 119
    # variables        = 5
    chi-square         = 58908.8010
    reduced chi-square = 516.743868
    Akaike info crit   = 748.350052
    Bayesian info crit = 762.245670
[[Variables]]
    N0:    1.4935e+17 +/- 4.5781e+15 (3.07%) (init = 2.589292e+17)
    mu0:   9.11997205 +/- 0.06529309 (0.72%) (init = 7.65)
    sig0:  0.94637673 +/- 0.04063217 (4.29%) (init = 1.596)
    C:    -5.8943e-05 +/- 3.4851e-06 (5.91%) (init = 0.0001427982)
    T:     300 (fixed)
    dc:   -0.04250469 +/- 0.00463022 (10.89%) (init = -0.04171974)
[[Correlations]] (unreported correlations are < 0.100)
    C(mu0, sig0) = -0.9866
    C(N0, mu0)   = -0.9713
    C(N0, sig0)  = +0.9196
    C(N0, C)     = -0.8994
    C(mu0, C)    = +0.8164
    C(sig0, C)   = -0.7375
[[Derived Parameters]]
    mean-mu      = 14297+/-1083 mb
    stddev       = 17209+/-2105 mb
    <mu>_mu      = 35011+/-4641 mb
    sum squares  = 9.883158e+01
    m_s          = (1.9802+/-0.1619)e+01 (units)
[[data]]
-1.467110e+04 -1.851816e+01 2.979738e-03 -1.855851e+01 
-1.433550e+04 -1.855060e+01 2.393490e-03 -1.856845e+01 
-1.383550e+04 -1.856647e+01 1.999800e-03 -1.858237e+01 
-1.333540e+04 -1.858055e+01 1.497566e-03 -1.859513e+01 
-1.250000e+04 -1.860503e+01 1.089678e-03 -1.861349e+01 
-1.149999e+04 -1.862578e+01 9.999975e-04 -1.862959e+01 
-1.049999e+04 -1.863587e+01 1.000003e-03 -1.863759e+01 
-9.500000e+03 -1.863929e+01 1.000003e-03 -1.863498e+01 
-8.500000e+03 -1.862336e+01 9.999925e-04 -1.861805e+01 
-7.499985e+03 -1.858650e+01 9.999975e-04 -1.858120e+01 
-6.499995e+03 -1.852819e+01 1.000005e-03 -1.851549e+01 
-5.499995e+03 -1.842340e+01 9.999750e-04 -1.840573e+01 
-4.499945e+03 -1.823190e+01 1.000000e-03 -1.822396e+01 
-3.499995e+03 -1.790018e+01 1.000034e-03 -1.791278e+01 
-2.500013e+03 -1.729787e+01 1.311490e-03 -1.733329e+01 
-1.975012e+03 -1.685510e+01 1.904742e-03 -1.680382e+01 
-1.450002e+03 -1.582525e+01 1.904730e-03 -1.594277e+01 
-9.249940e+02 -1.467206e+01 3.478273e-03 -1.434641e+01 
-8.750035e+02 -1.446836e+01 1.999990e-02 -1.412230e+01 
-8.249935e+02 -1.424362e+01 1.999790e-02 -1.387902e+01 
-7.749930e+02 -1.400134e+01 2.000180e-02 -1.361422e+01 
-7.250025e+02 -1.373298e+01 2.000170e-02 -1.332496e+01 
-6.750015e+02 -1.342740e+01 1.999940e-02 -1.300761e+01 
-6.249995e+02 -1.307712e+01 1.999930e-02 -1.265799e+01 
-5.749980e+02 -1.267708e+01 2.000010e-02 -1.227098e+01 
-5.250000e+02 -1.221252e+01 2.000050e-02 -1.184030e+01 
-4.750005e+02 -1.166039e+01 1.999820e-02 -1.135809e+01 
-4.249910e+02 -1.097886e+01 1.999960e-02 -1.081439e+01 
-3.749985e+02 -1.015556e+01 2.000180e-02 -1.019691e+01 
-3.250000e+02 -9.066961e+00 1.999970e-02 -9.489029e+00 
-2.749970e+02 -7.659983e+00 2.499891e-02 -8.668969e+00 
-2.449965e+02 -6.747799e+00 3.333472e-02 -8.111271e+00 
-2.149995e+02 -5.839559e+00 3.333889e-02 -7.494643e+00 
-1.850065e+02 -4.982621e+00 5.000500e-02 -6.808987e+00 
-1.750035e+02 -4.711137e+00 9.997251e-02 -6.562850e+00 
-1.650010e+02 -4.451462e+00 9.999000e-02 -6.307123e+00 
-1.550015e+02 -4.178620e+00 9.998750e-02 -6.041290e+00 
-1.449985e+02 -3.892671e+00 1.000000e-01 -5.764550e+00 
-1.350015e+02 -3.650570e+00 9.999000e-02 -5.476487e+00 
-1.249965e+02 -3.394072e+00 9.997775e-02 -5.175959e+00 
-1.149971e+02 -3.125235e+00 9.999125e-02 -4.862576e+00 
-1.049948e+02 -2.857056e+00 1.000285e-01 -4.535226e+00 
-9.500275e+01 -2.594387e+00 9.999850e-02 -4.193442e+00 
-8.499445e+01 -2.340092e+00 9.997975e-02 -3.835325e+00 
-7.499870e+01 -2.055799e+00 1.000330e-01 -3.460876e+00 
-6.500105e+01 -1.772346e+00 1.000408e-01 -3.068529e+00 
-5.500685e+01 -1.528139e+00 1.000110e-01 -2.657452e+00 
-4.500325e+01 -1.294318e+00 9.997201e-02 -2.226141e+00 
-3.500125e+01 -1.068597e+00 1.250027e-01 -1.774317e+00 
-2.900360e+01 -9.318669e-01 1.666514e-01 -1.493390e+00 
-2.300015e+01 -7.567278e-01 1.666403e-01 -1.204802e+00 
-1.700170e+01 -5.648150e-01 2.500563e-01 -9.094064e-01 
-1.500195e+01 -4.960581e-01 4.996527e-01 -8.094670e-01 
-1.299892e+01 -4.378548e-01 4.999081e-01 -7.086880e-01 
-1.100122e+01 -3.832009e-01 5.001200e-01 -6.075491e-01 
-8.999880e+00 -3.247439e-01 5.005475e-01 -5.056531e-01 
-7.005590e+00 -2.640447e-01 4.996309e-01 -4.036119e-01 
-4.996925e+00 -2.009004e-01 4.995094e-01 -3.004087e-01 
-3.001661e+00 -1.416954e-01 5.000056e-01 -1.975679e-01 
-9.969700e-01 -8.892113e-02 4.998955e-01 -9.403161e-02 
9.991750e-01 -3.329009e-02 5.005014e-01 9.136176e-03 
2.999023e+00 2.331474e-02 4.993789e-01 1.124224e-01 
5.004150e+00 7.724088e-02 4.991898e-01 2.157712e-01 
7.005515e+00 1.367300e-01 5.011363e-01 3.185987e-01 
8.995080e+00 1.940617e-01 5.016328e-01 4.203987e-01 
1.099249e+01 2.526895e-01 4.992910e-01 5.220969e-01 
1.300076e+01 3.134688e-01 4.989142e-01 6.237715e-01 
1.500120e+01 3.771233e-01 4.998388e-01 7.244200e-01 
1.700205e+01 4.443887e-01 2.499750e-01 8.244144e-01 
2.300200e+01 6.253366e-01 1.667292e-01 1.119883e+00 
2.899755e+01 7.684655e-01 1.666785e-01 1.408093e+00 
3.500115e+01 9.422196e-01 1.249805e-01 1.689303e+00 
4.500005e+01 1.211239e+00 1.000403e-01 2.140990e+00 
5.499310e+01 1.459670e+00 9.999925e-02 2.571864e+00 
6.500020e+01 1.717687e+00 9.995827e-02 2.983485e+00 
7.500145e+01 1.981262e+00 9.998500e-02 3.375973e+00 
8.500320e+01 2.241994e+00 9.999650e-02 3.750636e+00 
9.500215e+01 2.496242e+00 9.999750e-02 4.108411e+00 
1.050037e+02 2.750434e+00 1.000090e-01 4.450516e+00 
1.150003e+02 3.013680e+00 1.000360e-01 4.777673e+00 
1.249965e+02 3.278478e+00 1.000018e-01 5.090950e+00 
1.350000e+02 3.548435e+00 9.998000e-02 5.391433e+00 
1.450005e+02 3.806153e+00 1.000175e-01 5.679597e+00 
1.549965e+02 4.053066e+00 1.000175e-01 5.956146e+00 
1.649970e+02 4.313703e+00 9.994253e-02 6.222009e+00 
1.750080e+02 4.600148e+00 9.999750e-02 6.477954e+00 
1.849975e+02 4.878690e+00 5.001438e-02 6.723761e+00 
2.149965e+02 5.739590e+00 3.332889e-02 7.409568e+00 
2.450055e+02 6.643459e+00 3.332972e-02 8.026437e+00 
2.750030e+02 7.554215e+00 2.499766e-02 8.584066e+00 
3.250130e+02 8.963660e+00 1.999960e-02 9.404217e+00 
3.750050e+02 1.006075e+01 1.999920e-02 1.011199e+01 
4.250170e+02 1.088506e+01 2.000160e-02 1.072968e+01 
4.749970e+02 1.155509e+01 2.000490e-02 1.127304e+01 
5.249925e+02 1.211517e+01 1.999850e-02 1.175522e+01 
5.750045e+02 1.259090e+01 1.999770e-02 1.218602e+01 
6.250040e+02 1.298899e+01 2.000030e-02 1.257301e+01 
6.750030e+02 1.333847e+01 2.000010e-02 1.292261e+01 
7.250035e+02 1.364105e+01 2.000000e-02 1.323995e+01 
7.750030e+02 1.390810e+01 1.999990e-02 1.352926e+01 
8.250040e+02 1.414955e+01 2.000010e-02 1.379406e+01 
8.750025e+02 1.437111e+01 2.000160e-02 1.403728e+01 
9.249960e+02 1.457056e+01 3.478219e-03 1.426141e+01 
1.450010e+03 1.573413e+01 1.904717e-03 1.585778e+01 
1.975021e+03 1.676594e+01 1.904764e-03 1.671882e+01 
2.500008e+03 1.720825e+01 1.311480e-03 1.724827e+01 
3.500015e+03 1.781319e+01 9.999543e-04 1.782777e+01 
4.500100e+03 1.814436e+01 1.000010e-03 1.813898e+01 
5.499995e+03 1.832791e+01 1.000053e-03 1.832072e+01 
6.499995e+03 1.843596e+01 1.000003e-03 1.843048e+01 
7.499990e+03 1.849783e+01 1.000005e-03 1.849619e+01 
8.499985e+03 1.853196e+01 1.000008e-03 1.853304e+01 
9.499975e+03 1.855104e+01 9.999875e-04 1.854997e+01 
1.050001e+04 1.855098e+01 9.999900e-04 1.855258e+01 
1.149999e+04 1.855116e+01 1.000005e-03 1.854458e+01 
1.250000e+04 1.854033e+01 1.094059e-03 1.852848e+01 
1.332805e+04 1.851290e+01 1.506705e-03 1.851030e+01 
1.382740e+04 1.849243e+01 1.999200e-03 1.849758e+01 
1.432845e+04 1.847276e+01 1.995809e-03 1.848364e+01 
