script internal name (ver:210707): multilognorlanglmfit
data-filename:para
this-filename:fits/para.fit.05
[[Definition parameters]]
ndist: 1
weight: sep
[[status]]
Fit succeeded.
[[Fit Statistics]]
    # fitting method   = leastsq
    # function evals   = 115
    # data points      = 119
    # variables        = 5
    chi-square         = 58932.1025
    reduced chi-square = 516.948267
    Akaike info crit   = 748.397114
    Bayesian info crit = 762.292731
[[Variables]]
    N0:    1.4941e+17 +/- 4.5838e+15 (3.07%) (init = 2.589303e+17)
    mu0:   9.11928164 +/- 0.06534326 (0.72%) (init = 7.65)
    sig0:  0.94674661 +/- 0.04064236 (4.29%) (init = 1.596)
    C:    -3.6535e-05 +/- 3.4871e-06 (9.54%) (init = 0.0001652429)
    T:     300 (fixed)
    dc:   -0.04254372 +/- 0.00463114 (10.89%) (init = -0.04175334)
[[Correlations]] (unreported correlations are < 0.100)
    C(mu0, sig0) = -0.9866
    C(N0, mu0)   = -0.9713
    C(N0, sig0)  = +0.9197
    C(N0, C)     = -0.8994
    C(mu0, C)    = +0.8165
    C(sig0, C)   = -0.7376
[[Derived Parameters]]
    mean-mu      = 14292+/-1084 mb
    stddev       = 17213+/-2107 mb
    <mu>_mu      = 35024+/-4646 mb
    sum squares  = 9.892774e+01
    m_s          = (1.9803+/-0.1620)e+01 (units)
[[data]]
-1.467110e+04 -1.884783e+01 2.979738e-03 -1.888794e+01 
-1.433550e+04 -1.887273e+01 2.393490e-03 -1.889035e+01 
-1.383550e+04 -1.887737e+01 1.999800e-03 -1.889306e+01 
-1.333540e+04 -1.888021e+01 1.497566e-03 -1.889461e+01 
-1.250000e+04 -1.888591e+01 1.089678e-03 -1.889424e+01 
-1.149999e+04 -1.888419e+01 9.999975e-04 -1.888792e+01 
-1.049999e+04 -1.887181e+01 1.000003e-03 -1.887349e+01 
-9.500000e+03 -1.885277e+01 1.000003e-03 -1.884845e+01 
-8.500000e+03 -1.881436e+01 9.999925e-04 -1.880908e+01 
-7.499985e+03 -1.875503e+01 9.999975e-04 -1.874980e+01 
-6.499995e+03 -1.867425e+01 1.000005e-03 -1.866164e+01 
-5.499995e+03 -1.854699e+01 9.999750e-04 -1.852942e+01 
-4.499945e+03 -1.833302e+01 1.000000e-03 -1.832517e+01 
-3.499995e+03 -1.797882e+01 1.000034e-03 -1.799149e+01 
-2.500013e+03 -1.735405e+01 1.311490e-03 -1.738947e+01 
-1.975012e+03 -1.689948e+01 1.904742e-03 -1.684817e+01 
-1.450002e+03 -1.585784e+01 1.904730e-03 -1.597529e+01 
-9.249940e+02 -1.469285e+01 3.478273e-03 -1.436718e+01 
-8.750035e+02 -1.448802e+01 1.999990e-02 -1.414196e+01 
-8.249935e+02 -1.426216e+01 1.999790e-02 -1.389758e+01 
-7.749930e+02 -1.401875e+01 2.000180e-02 -1.363167e+01 
-7.250025e+02 -1.374927e+01 2.000170e-02 -1.334132e+01 
-6.750015e+02 -1.344257e+01 1.999940e-02 -1.302288e+01 
-6.249995e+02 -1.309117e+01 1.999930e-02 -1.267217e+01 
-5.749980e+02 -1.269000e+01 2.000010e-02 -1.228408e+01 
-5.250000e+02 -1.222432e+01 2.000050e-02 -1.185233e+01 
-4.750005e+02 -1.167106e+01 1.999820e-02 -1.136905e+01 
-4.249910e+02 -1.098841e+01 1.999960e-02 -1.082430e+01 
-3.749985e+02 -1.016398e+01 2.000180e-02 -1.020579e+01 
-3.250000e+02 -9.074264e+00 1.999970e-02 -9.496870e+00 
-2.749970e+02 -7.666163e+00 2.499891e-02 -8.675788e+00 
-2.449965e+02 -6.753305e+00 3.333472e-02 -8.117480e+00 
-2.149995e+02 -5.844391e+00 3.333889e-02 -7.500242e+00 
-1.850065e+02 -4.986778e+00 5.000500e-02 -6.813973e+00 
-1.750035e+02 -4.715070e+00 9.997251e-02 -6.567630e+00 
-1.650010e+02 -4.455170e+00 9.999000e-02 -6.311695e+00 
-1.550015e+02 -4.182103e+00 9.998750e-02 -6.045653e+00 
-1.449985e+02 -3.895929e+00 1.000000e-01 -5.768701e+00 
-1.350015e+02 -3.653604e+00 9.999000e-02 -5.480424e+00 
-1.249965e+02 -3.396880e+00 9.997775e-02 -5.179678e+00 
-1.149971e+02 -3.127819e+00 9.999125e-02 -4.866073e+00 
-1.049948e+02 -2.859416e+00 1.000285e-01 -4.538496e+00 
-9.500275e+01 -2.596522e+00 9.999850e-02 -4.196478e+00 
-8.499445e+01 -2.342002e+00 9.997975e-02 -3.838119e+00 
-7.499870e+01 -2.057485e+00 1.000330e-01 -3.463420e+00 
-6.500105e+01 -1.773806e+00 1.000408e-01 -3.070809e+00 
-5.500685e+01 -1.529375e+00 1.000110e-01 -2.659454e+00 
-4.500325e+01 -1.295329e+00 9.997201e-02 -2.227847e+00 
-3.500125e+01 -1.069383e+00 1.250027e-01 -1.775704e+00 
-2.900360e+01 -9.325187e-01 1.666514e-01 -1.494573e+00 
-2.300015e+01 -7.572447e-01 1.666403e-01 -1.205771e+00 
-1.700170e+01 -5.651970e-01 2.500563e-01 -9.101487e-01 
-1.500195e+01 -4.963952e-01 4.996527e-01 -8.101311e-01 
-1.299892e+01 -4.381469e-01 4.999081e-01 -7.092725e-01 
-1.100122e+01 -3.834481e-01 5.001200e-01 -6.080528e-01 
-8.999880e+00 -3.249461e-01 5.005475e-01 -5.060746e-01 
-7.005590e+00 -2.642021e-01 4.996309e-01 -4.039502e-01 
-4.996925e+00 -2.010127e-01 4.995094e-01 -3.006621e-01 
-3.001661e+00 -1.417628e-01 5.000056e-01 -1.977362e-01 
-9.969700e-01 -8.894353e-02 4.998955e-01 -9.411363e-02 
9.991750e-01 -3.326764e-02 5.005014e-01 9.140231e-03 
2.999023e+00 2.338213e-02 4.993789e-01 1.125125e-01 
5.004150e+00 7.735333e-02 4.991898e-01 2.159468e-01 
7.005515e+00 1.368874e-01 5.011363e-01 3.188590e-01 
8.995080e+00 1.942638e-01 5.016328e-01 4.207419e-01 
1.099249e+01 2.529365e-01 4.992910e-01 5.225222e-01 
1.300076e+01 3.137610e-01 4.989142e-01 6.242780e-01 
1.500120e+01 3.774604e-01 4.998388e-01 7.250060e-01 
1.700205e+01 4.447708e-01 2.499750e-01 8.250787e-01 
2.300200e+01 6.258535e-01 1.667292e-01 1.120773e+00 
2.899755e+01 7.691171e-01 1.666785e-01 1.409198e+00 
3.500115e+01 9.430061e-01 1.249805e-01 1.690612e+00 
4.500005e+01 1.212251e+00 1.000403e-01 2.142618e+00 
5.499310e+01 1.460906e+00 9.999925e-02 2.573787e+00 
6.500020e+01 1.719148e+00 9.995827e-02 2.985687e+00 
7.500145e+01 1.982948e+00 9.998500e-02 3.378438e+00 
8.500320e+01 2.243904e+00 9.999650e-02 3.753352e+00 
9.500215e+01 2.498377e+00 9.999750e-02 4.111370e+00 
1.050037e+02 2.752793e+00 1.000090e-01 4.453708e+00 
1.150003e+02 3.016264e+00 1.000360e-01 4.781092e+00 
1.249965e+02 3.281286e+00 1.000018e-01 5.094591e+00 
1.350000e+02 3.551468e+00 9.998000e-02 5.395292e+00 
1.450005e+02 3.809412e+00 1.000175e-01 5.683670e+00 
1.549965e+02 4.056549e+00 1.000175e-01 5.960430e+00 
1.649970e+02 4.317411e+00 9.994253e-02 6.226503e+00 
1.750080e+02 4.604081e+00 9.999750e-02 6.482655e+00 
1.849975e+02 4.882847e+00 5.001438e-02 6.728668e+00 
2.149965e+02 5.744421e+00 3.332889e-02 7.415089e+00 
2.450055e+02 6.648964e+00 3.332972e-02 8.032568e+00 
2.750030e+02 7.560394e+00 2.499766e-02 8.590807e+00 
3.250130e+02 8.970963e+00 1.999960e-02 9.411980e+00 
3.750050e+02 1.006918e+01 1.999920e-02 1.012079e+01 
4.250170e+02 1.089461e+01 2.000160e-02 1.073951e+01 
4.749970e+02 1.156577e+01 2.000490e-02 1.128393e+01 
5.249925e+02 1.212697e+01 1.999850e-02 1.176717e+01 
5.750045e+02 1.260382e+01 1.999770e-02 1.219905e+01 
6.250040e+02 1.300303e+01 2.000030e-02 1.258712e+01 
6.750030e+02 1.335363e+01 2.000010e-02 1.293780e+01 
7.250035e+02 1.365735e+01 2.000000e-02 1.325624e+01 
7.750030e+02 1.392551e+01 1.999990e-02 1.354664e+01 
8.250040e+02 1.416809e+01 2.000010e-02 1.381254e+01 
8.750025e+02 1.439077e+01 2.000160e-02 1.405687e+01 
9.249960e+02 1.459135e+01 3.478219e-03 1.428210e+01 
1.450010e+03 1.576672e+01 1.904717e-03 1.589022e+01 
1.975021e+03 1.681032e+01 1.904764e-03 1.676309e+01 
2.500008e+03 1.726443e+01 1.311480e-03 1.730438e+01 
3.500015e+03 1.789184e+01 9.999543e-04 1.790641e+01 
4.500100e+03 1.824548e+01 1.000010e-03 1.824012e+01 
5.499995e+03 1.845150e+01 1.000053e-03 1.844433e+01 
6.499995e+03 1.858202e+01 1.000003e-03 1.857655e+01 
7.499990e+03 1.866636e+01 1.000005e-03 1.866471e+01 
8.499985e+03 1.872297e+01 1.000008e-03 1.872400e+01 
9.499975e+03 1.876452e+01 9.999875e-04 1.876336e+01 
1.050001e+04 1.878693e+01 9.999900e-04 1.878841e+01 
1.149999e+04 1.880958e+01 1.000005e-03 1.880283e+01 
1.250000e+04 1.882122e+01 1.094059e-03 1.880915e+01 
1.332805e+04 1.881239e+01 1.506705e-03 1.880954e+01 
1.382740e+04 1.880315e+01 1.999200e-03 1.880801e+01 
1.432845e+04 1.879104e+01 1.995809e-03 1.880531e+01 
