script internal name (ver:210707): multilognorlanglmfit
data-filename:seco
this-filename:fits/seco.fit.08
[[Definition parameters]]
ndist: 1
weight: sep
[[status]]
Fit succeeded.
[[Fit Statistics]]
    # fitting method   = leastsq
    # function evals   = 171
    # data points      = 125
    # variables        = 5
    chi-square         = 223969.092
    reduced chi-square = 1866.40910
    Akaike info crit   = 946.368700
    Bayesian info crit = 960.510269
[[Variables]]
    N0:    3.0320e+17 +/- 3.5165e+15 (1.16%) (init = 4.505553e+17)
    mu0:   9.37618255 +/- 0.02606152 (0.28%) (init = 7.65)
    sig0:  0.55634865 +/- 0.03010312 (5.41%) (init = 1.596)
    C:    -2.4584e-04 +/- 2.9162e-06 (1.19%) (init = 0.0003473407)
    T:     300 (fixed)
    dc:   -0.00138366 +/- 0.00734251 (530.66%) (init = -0.01741279)
[[Correlations]] (unreported correlations are < 0.100)
    C(mu0, sig0) = -0.9744
    C(N0, mu0)   = -0.9270
    C(N0, C)     = -0.8468
    C(N0, sig0)  = +0.8194
    C(mu0, C)    = +0.7142
    C(sig0, C)   = -0.5966
[[Derived Parameters]]
    mean-mu      = 13779.6+/-426.9 mb
    stddev       = 8299.6+/-695.6 mb
    <mu>_mu      = 18779+/-1063 mb
    sum squares  = 1.580160e+02
    m_s          = (3.8746+/-0.1282)e+01 (units)
[[data]]
-1.860630e+04 -3.343636e+01 1.649349e-03 -3.349845e+01 
-1.800000e+04 -3.358602e+01 1.245097e-03 -3.362477e+01 
-1.700000e+04 -3.381284e+01 1.000000e-03 -3.382957e+01 
-1.600000e+04 -3.402788e+01 1.000000e-03 -3.402925e+01 
-1.500000e+04 -3.423673e+01 1.000000e-03 -3.422276e+01 
-1.400000e+04 -3.442612e+01 1.000000e-03 -3.440881e+01 
-1.300000e+04 -3.461513e+01 1.000000e-03 -3.458565e+01 
-1.200000e+04 -3.478045e+01 1.000000e-03 -3.475100e+01 
-1.100000e+04 -3.493162e+01 9.999925e-04 -3.490170e+01 
-9.999985e+03 -3.506054e+01 1.000000e-03 -3.503339e+01 
-9.000000e+03 -3.515780e+01 9.999950e-04 -3.513971e+01 
-7.999975e+03 -3.522111e+01 1.000003e-03 -3.521115e+01 
-7.000005e+03 -3.523448e+01 1.000018e-03 -3.523279e+01 
-6.000010e+03 -3.517362e+01 1.000000e-03 -3.517977e+01 
-5.000005e+03 -3.502314e+01 9.999950e-04 -3.500746e+01 
-4.000000e+03 -3.458776e+01 9.999900e-04 -3.462710e+01 
-2.999985e+03 -3.374309e+01 9.999975e-04 -3.383474e+01 
-1.999995e+03 -3.198535e+01 1.000003e-03 -3.204607e+01 
-9.999910e+02 -2.714483e+01 1.904767e-03 -2.683397e+01 
-9.499980e+02 -2.667743e+01 2.000230e-02 -2.634012e+01 
-9.000025e+02 -2.617268e+01 1.999980e-02 -2.580553e+01 
-8.499970e+02 -2.561537e+01 1.999910e-02 -2.522555e+01 
-7.999980e+02 -2.500526e+01 2.000170e-02 -2.459516e+01 
-7.500055e+02 -2.431392e+01 2.000040e-02 -2.390849e+01 
-7.000000e+02 -2.353453e+01 1.999910e-02 -2.315848e+01 
-6.500010e+02 -2.268736e+01 1.999970e-02 -2.233772e+01 
-5.999985e+02 -2.162343e+01 1.999860e-02 -2.143726e+01 
-5.499940e+02 -2.043441e+01 2.000100e-02 -2.044707e+01 
-5.000035e+02 -1.903657e+01 2.000160e-02 -1.935614e+01 
-4.500020e+02 -1.739877e+01 1.999990e-02 -1.815106e+01 
-4.000030e+02 -1.545182e+01 1.999810e-02 -1.681778e+01 
-3.499925e+02 -1.336738e+01 2.000130e-02 -1.534015e+01 
-3.000095e+02 -1.122720e+01 2.000250e-02 -1.370268e+01 
-2.500050e+02 -9.275330e+00 1.999930e-02 -1.188706e+01 
-2.000060e+02 -7.453513e+00 3.333028e-02 -9.879373e+00 
-1.899995e+02 -6.991200e+00 9.998750e-02 -9.453512e+00 
-1.800035e+02 -6.649024e+00 9.999500e-02 -9.019976e+00 
-1.699985e+02 -6.263543e+00 1.000050e-01 -8.577914e+00 
-1.600045e+02 -5.878418e+00 1.000300e-01 -8.128226e+00 
-1.500045e+02 -5.516374e+00 1.000125e-01 -7.670200e+00 
-1.400070e+02 -5.158373e+00 9.997501e-02 -7.204296e+00 
-1.299995e+02 -4.803796e+00 1.000000e-01 -6.730037e+00 
-1.200070e+02 -4.458562e+00 1.000000e-01 -6.248769e+00 
-1.099995e+02 -4.073338e+00 9.995102e-02 -5.759248e+00 
-9.999720e+01 -3.708583e+00 9.999325e-02 -5.262704e+00 
-8.999815e+01 -3.345370e+00 1.000248e-01 -4.759361e+00 
-8.000215e+01 -2.978667e+00 9.999725e-02 -4.249588e+00 
-6.999760e+01 -2.617076e+00 9.999525e-02 -3.733231e+00 
-6.000120e+01 -2.252307e+00 1.000250e-01 -3.211664e+00 
-5.000260e+01 -1.888002e+00 9.997601e-02 -2.684945e+00 
-3.999640e+01 -1.531961e+00 1.000135e-01 -2.153455e+00 
-3.000530e+01 -1.195651e+00 1.000215e-01 -1.619153e+00 
-2.000070e+01 -8.708427e-01 1.666333e-01 -1.081335e+00 
-1.800290e+01 -7.668785e-01 4.995941e-01 -9.736816e-01 
-1.599745e+01 -6.762517e-01 4.989895e-01 -8.655468e-01 
-1.399480e+01 -5.891023e-01 5.005318e-01 -7.575013e-01 
-1.200170e+01 -5.091589e-01 5.014542e-01 -6.499174e-01 
-1.000640e+01 -4.286886e-01 5.001926e-01 -5.421687e-01 
-8.003240e+00 -3.497691e-01 4.993490e-01 -4.339567e-01 
-6.001185e+00 -2.734137e-01 4.994257e-01 -3.257734e-01 
-3.998640e+00 -1.970885e-01 5.002107e-01 -2.175402e-01 
-2.002870e+00 -1.201656e-01 4.997616e-01 -1.096577e-01 
3.267895e-03 -4.295963e-02 4.986456e-01 -1.206998e-03 
2.007995e+00 6.006493e-02 5.004796e-01 1.071675e-01 
3.999435e+00 1.302460e-01 5.007806e-01 2.148159e-01 
6.001760e+00 2.041896e-01 5.003046e-01 3.230371e-01 
7.997000e+00 2.777776e-01 5.005331e-01 4.308522e-01 
9.997500e+00 3.587750e-01 5.010961e-01 5.389206e-01 
1.198825e+01 4.352810e-01 4.999438e-01 6.464239e-01 
1.399795e+01 5.187412e-01 4.985915e-01 7.549040e-01 
1.599955e+01 6.024097e-01 4.995317e-01 8.628927e-01 
1.800170e+01 6.918576e-01 5.003565e-01 9.708496e-01 
1.999670e+01 7.979121e-01 1.667056e-01 1.078352e+00 
2.999890e+01 1.121081e+00 9.995527e-02 1.616042e+00 
4.000565e+01 1.465244e+00 1.000093e-01 2.151180e+00 
4.999705e+01 1.818054e+00 1.000468e-01 2.681884e+00 
5.999630e+01 2.166019e+00 1.000118e-01 3.208640e+00 
6.999470e+01 2.495922e+00 9.997825e-02 3.730313e+00 
8.000065e+01 2.928776e+00 9.998800e-02 4.246744e+00 
8.999710e+01 3.291258e+00 1.000243e-01 4.756541e+00 
9.999580e+01 3.655100e+00 9.997301e-02 5.259867e+00 
1.100025e+02 4.020085e+00 9.997151e-02 5.756628e+00 
1.200015e+02 4.408417e+00 1.000100e-01 6.245735e+00 
1.300005e+02 4.754799e+00 1.000200e-01 6.727318e+00 
1.399975e+02 5.113040e+00 1.000100e-01 7.201082e+00 
1.499985e+02 5.471795e+00 1.000025e-01 7.667155e+00 
1.599970e+02 5.832773e+00 1.000125e-01 8.125118e+00 
1.699960e+02 6.219091e+00 1.000000e-01 8.575035e+00 
1.799970e+02 6.602690e+00 9.996002e-02 9.016924e+00 
1.900040e+02 6.942613e+00 9.999750e-02 9.450938e+00 
1.999975e+02 7.314302e+00 3.333639e-02 9.876247e+00 
2.499985e+02 9.190658e+00 1.999900e-02 1.188404e+01 
3.000025e+02 1.118911e+01 1.999990e-02 1.369967e+01 
3.499990e+02 1.330618e+01 2.000070e-02 1.533759e+01 
3.999990e+02 1.542131e+01 2.000000e-02 1.681490e+01 
4.499990e+02 1.739932e+01 2.000040e-02 1.814821e+01 
4.999970e+02 1.904095e+01 1.999950e-02 1.935322e+01 
5.500015e+02 2.042467e+01 1.999970e-02 2.044446e+01 
5.999985e+02 2.165462e+01 2.000050e-02 2.143449e+01 
6.499990e+02 2.264365e+01 2.000060e-02 2.233492e+01 
6.999955e+02 2.353437e+01 1.999940e-02 2.315564e+01 
7.500020e+02 2.431479e+01 1.999890e-02 2.390567e+01 
8.000010e+02 2.500272e+01 2.000050e-02 2.459244e+01 
8.499995e+02 2.561598e+01 2.000020e-02 2.522281e+01 
9.000000e+02 2.617196e+01 2.000060e-02 2.580273e+01 
9.499965e+02 2.667738e+01 1.999950e-02 2.633734e+01 
1.000003e+03 2.714282e+01 1.904756e-03 2.683131e+01 
2.000000e+03 3.197966e+01 9.999913e-04 3.204331e+01 
3.000020e+03 3.374942e+01 9.999975e-04 3.383201e+01 
4.000005e+03 3.460103e+01 1.000010e-03 3.462434e+01 
5.000000e+03 3.504066e+01 9.999950e-04 3.500469e+01 
6.000015e+03 3.518370e+01 9.999900e-04 3.517701e+01 
7.000020e+03 3.524239e+01 1.000008e-03 3.523003e+01 
8.000000e+03 3.522293e+01 1.000013e-03 3.520838e+01 
8.999995e+03 3.516650e+01 1.000003e-03 3.513694e+01 
9.999995e+03 3.506095e+01 9.999975e-04 3.503062e+01 
1.100000e+04 3.492982e+01 9.999975e-04 3.489894e+01 
1.200000e+04 3.477691e+01 1.000000e-03 3.474823e+01 
1.300000e+04 3.460682e+01 1.000000e-03 3.458288e+01 
1.400000e+04 3.441914e+01 1.000000e-03 3.440604e+01 
1.500000e+04 3.422002e+01 1.000000e-03 3.422000e+01 
1.600000e+04 3.400641e+01 1.000000e-03 3.402648e+01 
1.700000e+04 3.378221e+01 1.000000e-03 3.382680e+01 
1.800000e+04 3.356468e+01 1.259843e-03 3.362200e+01 
1.858750e+04 3.342338e+01 1.702128e-03 3.349962e+01 
