script internal name (ver:210707): multilognorlanglmfit
data-filename:seco
this-filename:fits/seco.fit.00
[[Definition parameters]]
ndist: 1
weight: sep
[[status]]
Fit succeeded.
[[Fit Statistics]]
    # fitting method   = leastsq
    # function evals   = 171
    # data points      = 249
    # variables        = 5
    chi-square         = 2157822.55
    reduced chi-square = 8843.53506
    Akaike info crit   = 2267.72217
    Bayesian info crit = 2285.30943
[[Variables]]
    N0:    3.0273e+17 +/- 5.4296e+15 (1.79%) (init = 4.499672e+17)
    mu0:   9.37905852 +/- 0.04020943 (0.43%) (init = 7.65)
    sig0:  0.55359047 +/- 0.04663421 (8.42%) (init = 1.596)
    C:    -2.4525e-04 +/- 4.5771e-06 (1.87%) (init = 0.0003573221)
    T:     300 (fixed)
    dc:   -0.00209071 +/- 0.01136517 (543.60%) (init = -0.03196304)
[[Correlations]] (unreported correlations are < 0.100)
    C(mu0, sig0) = -0.9743
    C(N0, mu0)   = -0.9271
    C(N0, C)     = -0.8477
    C(N0, sig0)  = +0.8193
    C(mu0, C)    = +0.7152
    C(sig0, C)   = -0.5974
[[Derived Parameters]]
    mean-mu      = 13798.1+/-659.3 mb
    stddev       = 8263+/-1074 mb
    <mu>_mu      = 18746+/-1636 mb
    sum squares  = 5.128887e+03
    m_s          = (3.8738+/-0.1977)e+01 (units)
[[data]]
1.858610e+04 3.340439e+01 -1.706193e-03 3.350334e+01 
1.800000e+04 3.354911e+01 -1.260955e-03 3.362511e+01 
1.700000e+04 3.379064e+01 -1.000000e-03 3.382938e+01 
1.600000e+04 3.402229e+01 -1.000000e-03 3.402854e+01 
1.500000e+04 3.424675e+01 -1.000000e-03 3.422154e+01 
1.400000e+04 3.445171e+01 -1.000000e-03 3.440709e+01 
1.300000e+04 3.464207e+01 -1.000000e-03 3.458344e+01 
1.200000e+04 3.481132e+01 -1.000000e-03 3.474832e+01 
1.100000e+04 3.496611e+01 -9.999950e-04 3.489858e+01 
9.999990e+03 3.509161e+01 -9.999950e-04 3.502985e+01 
8.999990e+03 3.519957e+01 -1.000000e-03 3.513579e+01 
7.999990e+03 3.524521e+01 -1.000010e-03 3.520691e+01 
7.000010e+03 3.526275e+01 -1.000005e-03 3.522830e+01 
6.000000e+03 3.519411e+01 -9.999950e-04 3.517515e+01 
5.000000e+03 3.505514e+01 -9.999950e-04 3.500287e+01 
3.999990e+03 3.461018e+01 -1.000000e-03 3.462282e+01 
3.000000e+03 3.375600e+01 -1.000005e-03 3.383124e+01 
2.000000e+03 3.200271e+01 -9.999975e-04 3.204390e+01 
9.999950e+02 2.736754e+01 -1.904740e-03 2.683131e+01 
9.499880e+02 2.694021e+01 -2.000100e-02 2.633700e+01 
9.000000e+02 2.648604e+01 -2.000180e-02 2.580210e+01 
8.499970e+02 2.599775e+01 -1.999940e-02 2.522169e+01 
7.999970e+02 2.547125e+01 -2.000000e-02 2.459076e+01 
7.499970e+02 2.490111e+01 -1.999880e-02 2.390335e+01 
6.999910e+02 2.427896e+01 -1.999920e-02 2.315260e+01 
6.499930e+02 2.359950e+01 -2.000060e-02 2.233103e+01 
5.999940e+02 2.285300e+01 -2.000060e-02 2.142969e+01 
5.499960e+02 2.203961e+01 -1.999920e-02 2.043860e+01 
4.999900e+02 2.115511e+01 -1.999860e-02 1.934619e+01 
4.499890e+02 2.017586e+01 -2.000300e-02 1.813990e+01 
4.000050e+02 1.895746e+01 -2.000140e-02 1.680580e+01 
3.499960e+02 1.779118e+01 -2.000000e-02 1.532705e+01 
3.000050e+02 1.656164e+01 -1.999940e-02 1.368830e+01 
2.499930e+02 1.492214e+01 -1.999820e-02 1.187170e+01 
1.999960e+02 1.353214e+01 -3.334056e-02 9.863955e+00 
1.900060e+02 1.316314e+01 -9.999000e-02 9.438874e+00 
1.799940e+02 1.281057e+01 -9.993504e-02 9.004763e+00 
1.699930e+02 1.246154e+01 -1.000450e-01 8.563033e+00 
1.600030e+02 1.211268e+01 -1.000150e-01 8.113730e+00 
1.499960e+02 1.175943e+01 -9.994004e-02 7.655635e+00 
1.399910e+02 1.140357e+01 -1.000300e-01 7.189681e+00 
1.300020e+02 1.104125e+01 -1.000300e-01 6.716656e+00 
1.199970e+02 1.067632e+01 -9.997501e-02 6.235205e+00 
1.099970e+02 1.030879e+01 -9.999450e-02 5.746527e+00 
9.999590e+01 9.937250e+00 -1.000085e-01 5.250586e+00 
8.999870e+01 9.564821e+00 -1.000140e-01 4.747943e+00 
7.999870e+01 9.192607e+00 -9.997251e-02 4.238636e+00 
6.999320e+01 8.686214e+00 -1.000000e-01 3.722962e+00 
5.999870e+01 8.381714e+00 -1.000165e-01 3.202289e+00 
4.999650e+01 8.034643e+00 -1.000525e-01 2.676235e+00 
4.000920e+01 7.669179e+00 -1.000265e-01 2.146658e+00 
3.000180e+01 7.296929e+00 -9.990759e-02 1.612442e+00 
1.999070e+01 6.924250e+00 -1.665792e-01 1.075269e+00 
1.799550e+01 6.785250e+00 -5.008640e-01 9.679568e-01 
1.599760e+01 6.676643e+00 -4.997127e-01 8.604320e-01 
1.399320e+01 6.583357e+00 -4.990020e-01 7.524967e-01 
1.198960e+01 6.487500e+00 -5.002551e-01 6.445512e-01 
9.995240e+00 6.403250e+00 -5.014492e-01 5.370580e-01 
8.001160e+00 6.313464e+00 -5.011074e-01 4.295419e-01 
6.004080e+00 6.233857e+00 -4.993658e-01 3.218337e-01 
3.996080e+00 6.153893e+00 -5.002451e-01 2.135135e-01 
2.006040e+00 6.076464e+00 -5.012970e-01 1.061468e-01 
6.429200e-03 5.998571e+00 -4.979819e-01 -1.743818e-03 
-2.010170e+00 5.921357e+00 -4.994632e-01 -1.105511e-01 
-3.997870e+00 5.846893e+00 -5.008665e-01 -2.177915e-01 
-6.003250e+00 5.771393e+00 -4.983256e-01 -3.259704e-01 
-8.011310e+00 5.699714e+00 -5.001438e-01 -4.342707e-01 
-1.000210e+01 5.623321e+00 -5.012544e-01 -5.416092e-01 
-1.200130e+01 5.549750e+00 -5.010773e-01 -6.493631e-01 
-1.399350e+01 5.480679e+00 -4.993259e-01 -7.566943e-01 
-1.600670e+01 5.404071e+00 -4.983678e-01 -8.651034e-01 
-1.800660e+01 5.331107e+00 -5.010648e-01 -9.727354e-01 
-1.999820e+01 5.257893e+00 -1.666597e-01 -1.079853e+00 
-3.000710e+01 4.985607e+00 -1.000205e-01 -1.616907e+00 
-3.999410e+01 4.670643e+00 -1.000185e-01 -2.150036e+00 
-5.000340e+01 4.338929e+00 -9.995152e-02 -2.680781e+00 
-6.000380e+01 3.991286e+00 -1.000050e-01 -3.206738e+00 
-7.000240e+01 3.635786e+00 -9.999350e-02 -3.727621e+00 
-8.000510e+01 3.287282e+00 -1.000100e-01 -4.243146e+00 
-9.000040e+01 2.932121e+00 -1.000105e-01 -4.752210e+00 
-1.000030e+02 2.576200e+00 -9.999700e-02 -5.255122e+00 
-1.100010e+02 2.219289e+00 -9.999000e-02 -5.750906e+00 
-1.200050e+02 1.815154e+00 -1.000100e-01 -6.239774e+00 
-1.299990e+02 1.488300e+00 -9.997001e-02 -6.720695e+00 
-1.400110e+02 1.137079e+00 -9.998000e-02 -7.194801e+00 
-1.500030e+02 7.805036e-01 -1.000550e-01 -7.660140e+00 
-1.600000e+02 4.119071e-01 -1.000050e-01 -8.117775e+00 
-1.700020e+02 -7.824214e-03 -9.995502e-02 -8.567615e+00 
-1.800090e+02 -4.255821e-01 -1.000100e-01 -9.009601e+00 
-1.900000e+02 -7.551107e-01 -1.000150e-01 -9.442798e+00 
-2.000060e+02 -1.297204e+00 -3.333000e-02 -9.868558e+00 
-2.500060e+02 -3.357707e+00 -1.999940e-02 -1.187638e+01 
-3.000090e+02 -5.817607e+00 -2.000200e-02 -1.369262e+01 
-3.499960e+02 -8.804571e+00 -2.000100e-02 -1.533123e+01 
-4.000040e+02 -1.182157e+01 -1.999800e-02 -1.680995e+01 
-4.500060e+02 -1.457775e+01 -1.999960e-02 -1.814452e+01 
-5.000060e+02 -1.687586e+01 -2.000180e-02 -1.935074e+01 
-5.499970e+02 -1.878275e+01 -2.000200e-02 -2.044281e+01 
-5.999960e+02 -2.035157e+01 -1.999840e-02 -2.143391e+01 
-6.500050e+02 -2.173904e+01 -1.999720e-02 -2.233541e+01 
-7.000100e+02 -2.275886e+01 -1.999840e-02 -2.315708e+01 
-7.500130e+02 -2.369532e+01 -2.000180e-02 -2.390776e+01 
-8.000010e+02 -2.451139e+01 -2.000100e-02 -2.459499e+01 
-8.500080e+02 -2.521529e+01 -2.000000e-02 -2.522600e+01 
-9.000010e+02 -2.584707e+01 -2.000160e-02 -2.580629e+01 
-9.500000e+02 -2.640689e+01 -2.000020e-02 -2.634130e+01 
-1.000000e+03 -2.691011e+01 -1.904762e-03 -2.683554e+01 
-2.000000e+03 -3.193786e+01 -9.999900e-04 -3.204808e+01 
-3.000020e+03 -3.372532e+01 -9.999900e-04 -3.383545e+01 
-4.000020e+03 -3.456204e+01 -1.000000e-03 -3.462701e+01 
-5.000020e+03 -3.499539e+01 -1.000010e-03 -3.500705e+01 
-6.000000e+03 -3.513921e+01 -1.000005e-03 -3.517933e+01 
-7.000010e+03 -3.519532e+01 -1.000020e-03 -3.523249e+01 
-7.999960e+03 -3.517764e+01 -1.000000e-03 -3.521109e+01 
-9.000010e+03 -3.510621e+01 -9.999850e-04 -3.513997e+01 
-9.999990e+03 -3.500500e+01 -1.000005e-03 -3.503403e+01 
-1.100000e+04 -3.487371e+01 -9.999950e-04 -3.490276e+01 
-1.200000e+04 -3.472346e+01 -1.000000e-03 -3.475250e+01 
-1.300000e+04 -3.455954e+01 -1.000000e-03 -3.458762e+01 
-1.400000e+04 -3.436521e+01 -1.000000e-03 -3.441127e+01 
-1.500000e+04 -3.418354e+01 -1.000000e-03 -3.422572e+01 
-1.600000e+04 -3.398625e+01 -1.000000e-03 -3.403272e+01 
-1.700000e+04 -3.378104e+01 -1.000000e-03 -3.383357e+01 
-1.800000e+04 -3.357504e+01 -1.245097e-03 -3.362929e+01 
-1.860630e+04 -3.343636e+01 8.100052e+09 -3.350330e+01 
-1.800000e+04 -3.359700e+01 1.245097e-03 -3.362929e+01 
-1.700000e+04 -3.384464e+01 1.000000e-03 -3.383357e+01 
-1.600000e+04 -3.406950e+01 1.000000e-03 -3.403272e+01 
-1.500000e+04 -3.428993e+01 1.000000e-03 -3.422572e+01 
-1.400000e+04 -3.448704e+01 1.000000e-03 -3.441127e+01 
-1.300000e+04 -3.467071e+01 1.000000e-03 -3.458762e+01 
-1.200000e+04 -3.483743e+01 1.000000e-03 -3.475250e+01 
-1.100000e+04 -3.498954e+01 9.999900e-04 -3.490276e+01 
-9.999980e+03 -3.511607e+01 9.999950e-04 -3.503403e+01 
-8.999990e+03 -3.520939e+01 1.000005e-03 -3.513997e+01 
-7.999990e+03 -3.526457e+01 1.000005e-03 -3.521109e+01 
-7.000000e+03 -3.527364e+01 1.000015e-03 -3.523249e+01 
-6.000020e+03 -3.520804e+01 9.999950e-04 -3.517933e+01 
-4.999990e+03 -3.505089e+01 9.999800e-04 -3.500704e+01 
-3.999980e+03 -3.461350e+01 9.999800e-04 -3.462699e+01 
-2.999950e+03 -3.376089e+01 1.000005e-03 -3.383537e+01 
-1.999990e+03 -3.203286e+01 1.000016e-03 -3.204805e+01 
-9.999820e+02 -2.737961e+01 1.904773e-03 -2.683537e+01 
-9.499960e+02 -2.694796e+01 2.000440e-02 -2.634126e+01 
-9.000040e+02 -2.649829e+01 1.999800e-02 -2.580633e+01 
-8.499860e+02 -2.601550e+01 1.999820e-02 -2.522574e+01 
-7.999950e+02 -2.549914e+01 2.000240e-02 -2.459491e+01 
-7.499980e+02 -2.493257e+01 1.999900e-02 -2.390754e+01 
-6.999900e+02 -2.431029e+01 1.999980e-02 -2.315677e+01 
-6.499970e+02 -2.363575e+01 2.000220e-02 -2.233528e+01 
-6.000010e+02 -2.289525e+01 1.999880e-02 -2.143400e+01 
-5.499910e+02 -2.208614e+01 2.000000e-02 -2.044268e+01 
-5.000010e+02 -2.119736e+01 2.000140e-02 -1.935063e+01 
-4.499980e+02 -2.021993e+01 2.000020e-02 -1.814431e+01 
-4.000020e+02 -1.908211e+01 1.999820e-02 -1.680989e+01 
-3.499890e+02 -1.793032e+01 2.000160e-02 -1.533101e+01 
-3.000100e+02 -1.663679e+01 2.000300e-02 -1.369266e+01 
-2.500040e+02 -1.519296e+01 1.999920e-02 -1.187630e+01 
-2.000060e+02 -1.360982e+01 3.333056e-02 -9.868558e+00 
-1.899990e+02 -1.322729e+01 9.996002e-02 -9.442755e+00 
-1.799980e+02 -1.287250e+01 9.998000e-02 -9.009119e+00 
-1.699950e+02 -1.251929e+01 1.000550e-01 -8.567303e+00 
-1.600090e+02 -1.216871e+01 1.000550e-01 -8.118183e+00 
-1.500060e+02 -1.181325e+01 9.997001e-02 -7.660278e+00 
-1.400030e+02 -1.145382e+01 9.997001e-02 -7.194426e+00 
-1.300000e+02 -1.109589e+01 1.000300e-01 -6.720742e+00 
-1.200090e+02 -1.073229e+01 9.999000e-02 -6.239968e+00 
-1.099980e+02 -1.036596e+01 9.991208e-02 -5.750758e+00 
-9.999140e+01 -9.993357e+00 9.998950e-02 -5.254543e+00 
-8.999590e+01 -9.622857e+00 1.000390e-01 -4.751983e+00 
-7.999920e+01 -9.244607e+00 9.998450e-02 -4.242843e+00 
-6.999280e+01 -8.869929e+00 9.999700e-02 -3.727123e+00 
-5.999860e+01 -8.495893e+00 1.000450e-01 -3.206466e+00 
-5.000180e+01 -8.114929e+00 1.000005e-01 -2.680696e+00 
-3.999870e+01 -7.734571e+00 1.000085e-01 -2.150280e+00 
-3.000350e+01 -7.376893e+00 1.000225e-01 -1.616715e+00 
-2.000320e+01 -6.999679e+00 1.666070e-01 -1.080122e+00 
-1.799920e+01 -6.864750e+00 4.981320e-01 -9.723373e-01 
-1.598820e+01 -6.756429e+00 4.996128e-01 -8.641074e-01 
-1.399610e+01 -6.658893e+00 5.017436e-01 -7.568344e-01 
-1.200210e+01 -6.568071e+00 5.018317e-01 -6.494062e-01 
-1.001070e+01 -6.480714e+00 4.991352e-01 -5.420728e-01 
-7.995170e+00 -6.399214e+00 4.985567e-01 -4.334004e-01 
-5.999120e+00 -6.318214e+00 5.005306e-01 -3.257476e-01 
-3.999410e+00 -6.241071e+00 4.995566e-01 -2.178746e-01 
-1.995570e+00 -6.161679e+00 5.000604e-01 -1.097634e-01 
1.065900e-04 -6.084571e+00 4.993110e-01 -2.084963e-03 
2.009950e+00 -5.956286e+00 4.996648e-01 1.063578e-01 
4.002790e+00 -5.893429e+00 5.013172e-01 2.138755e-01 
5.999440e+00 -5.825464e+00 5.012469e-01 3.215834e-01 
7.992840e+00 -5.757893e+00 4.999600e-01 4.290933e-01 
9.999760e+00 -5.685714e+00 5.007436e-01 5.373016e-01 
1.198690e+01 -5.616929e+00 4.996328e-01 6.444057e-01 
1.400270e+01 -5.545929e+00 4.981816e-01 7.530084e-01 
1.600150e+01 -5.471857e+00 4.993508e-01 8.606420e-01 
1.800790e+01 -5.401750e+00 4.998500e-01 9.686239e-01 
2.000270e+01 -5.328429e+00 1.668321e-01 1.075914e+00 
2.999600e+01 -5.054750e+00 1.000030e-01 1.612132e+00 
4.000210e+01 -4.738679e+00 9.999200e-02 2.146280e+00 
4.999760e+01 -4.398536e+00 1.000410e-01 2.676293e+00 
5.999390e+01 -4.049679e+00 1.000070e-01 3.202038e+00 
6.999620e+01 -3.694393e+00 9.995652e-02 3.723118e+00 
8.000260e+01 -3.335057e+00 1.000035e-01 4.238836e+00 
8.999550e+01 -2.982304e+00 1.000345e-01 4.747781e+00 
9.999570e+01 -2.627050e+00 9.993754e-02 5.250576e+00 
1.100080e+02 -2.268621e+00 9.994853e-02 5.747069e+00 
1.200060e+02 -1.859468e+00 1.000450e-01 6.235641e+00 
1.299990e+02 -1.531650e+00 1.000100e-01 6.716513e+00 
1.400040e+02 -1.177493e+00 9.999000e-02 7.190291e+00 
1.500010e+02 -8.158357e-01 1.000650e-01 7.655866e+00 
1.599910e+02 -4.471750e-01 1.000100e-01 8.113185e+00 
1.699990e+02 -2.333096e-02 9.995502e-02 8.563300e+00 
1.800000e+02 3.948286e-01 9.998500e-02 9.005025e+00 
1.900020e+02 7.220786e-01 1.000050e-01 9.438702e+00 
1.999990e+02 1.096475e+00 3.333222e-02 9.864082e+00 
2.500040e+02 3.459254e+00 1.999980e-02 1.187212e+01 
3.000000e+02 5.816500e+00 2.000040e-02 1.368813e+01 
3.500020e+02 8.821286e+00 2.000140e-02 1.532723e+01 
3.999930e+02 1.188496e+01 1.999860e-02 1.680546e+01 
4.500090e+02 1.462314e+01 1.999780e-02 1.814041e+01 
5.000040e+02 1.692700e+01 2.000040e-02 1.934652e+01 
5.500070e+02 1.880986e+01 2.000020e-02 2.043883e+01 
6.000030e+02 2.045632e+01 2.000040e-02 2.142986e+01 
6.500050e+02 2.168786e+01 2.000060e-02 2.233123e+01 
7.000000e+02 2.278982e+01 1.999960e-02 2.315274e+01 
7.500070e+02 2.372850e+01 1.999900e-02 2.390349e+01 
8.000050e+02 2.453421e+01 2.000100e-02 2.459086e+01 
8.500020e+02 2.523421e+01 2.000100e-02 2.522175e+01 
9.000000e+02 2.585789e+01 1.999940e-02 2.580210e+01 
9.500050e+02 2.641457e+01 1.999800e-02 2.633717e+01 
1.000010e+03 2.691814e+01 1.904771e-03 2.683146e+01 
2.000000e+03 3.195661e+01 9.999850e-04 3.204390e+01 
3.000040e+03 3.374286e+01 9.999900e-04 3.383129e+01 
4.000020e+03 3.459189e+01 1.000020e-03 3.462283e+01 
5.000000e+03 3.502618e+01 9.999950e-04 3.500287e+01 
6.000030e+03 3.517329e+01 9.999850e-04 3.517515e+01 
7.000030e+03 3.522204e+01 1.000010e-03 3.522830e+01 
8.000010e+03 3.520064e+01 1.000015e-03 3.520691e+01 
9.000000e+03 3.513343e+01 1.000005e-03 3.513579e+01 
1.000000e+04 3.503029e+01 1.000000e-03 3.502985e+01 
1.100000e+04 3.489354e+01 1.000000e-03 3.489858e+01 
1.200000e+04 3.474250e+01 1.000000e-03 3.474832e+01 
1.300000e+04 3.457157e+01 1.000000e-03 3.458344e+01 
1.400000e+04 3.438657e+01 1.000000e-03 3.440709e+01 
1.500000e+04 3.419329e+01 1.000000e-03 3.422154e+01 
1.600000e+04 3.399054e+01 1.000000e-03 3.402854e+01 
1.700000e+04 3.377379e+01 1.000000e-03 3.382938e+01 
1.800000e+04 3.358025e+01 1.258732e-03 3.362511e+01 
1.858890e+04 3.344204e+01 1.698081e-03 3.350275e+01 
