script internal name (ver:210707): multilognorlanglmfit
data-filename:verti
this-filename:fits/verti.fit.00
[[Definition parameters]]
ndist: 1
weight: sep
[[status]]
Fit succeeded.
[[Fit Statistics]]
    # fitting method   = leastsq
    # function evals   = 121
    # data points      = 249
    # variables        = 5
    chi-square         = 375642.997
    reduced chi-square = 1539.52048
    Akaike info crit   = 1832.41646
    Bayesian info crit = 1850.00372
[[Variables]]
    N0:    1.4247e+17 +/- 2.6156e+15 (1.84%) (init = 2.348446e+17)
    mu0:   9.32891245 +/- 0.04219702 (0.45%) (init = 7.65)
    sig0:  0.69440902 +/- 0.03873678 (5.58%) (init = 1.596)
    C:     4.6154e-07 +/- 1.8896e-06 (409.41%) (init = 0.0002195422)
    T:     300 (fixed)
    dc:    0.00923198 +/- 0.00465827 (50.46%) (init = -0.00127404)
[[Correlations]] (unreported correlations are < 0.100)
    C(mu0, sig0) = -0.9797
    C(N0, mu0)   = -0.9417
    C(N0, C)     = -0.8562
    C(N0, sig0)  = +0.8554
    C(mu0, C)    = +0.7367
    C(sig0, C)   = -0.6337
[[Derived Parameters]]
    mean-mu      = 14328.6+/-717.0 mb
    stddev       = 11279+/-1195 mb
    <mu>_mu      = 23207+/-2113 mb
    sum squares  = 1.410234e+03
    m_s          = (1.8932+/-0.1009)e+01 (units)
[[data]]
1.900010e+04 1.880843e+01 -9.999000e-04 1.863976e+01 
1.800000e+04 1.860993e+01 -9.999500e-04 1.862204e+01 
1.700000e+04 1.860511e+01 -1.000000e-03 1.860230e+01 
1.600000e+04 1.858821e+01 -1.000000e-03 1.858014e+01 
1.500000e+04 1.856829e+01 -1.000000e-03 1.855510e+01 
1.400000e+04 1.853986e+01 -1.000050e-03 1.852654e+01 
1.300010e+04 1.851039e+01 -1.000000e-03 1.849366e+01 
1.200000e+04 1.847579e+01 -9.999000e-04 1.845537e+01 
1.099990e+04 1.842589e+01 -9.999900e-04 1.841021e+01 
9.999980e+03 1.837671e+01 -1.000040e-03 1.835613e+01 
8.999980e+03 1.830829e+01 -9.999950e-04 1.829014e+01 
7.999970e+03 1.823018e+01 -1.000005e-03 1.820779e+01 
6.999990e+03 1.812189e+01 -1.000005e-03 1.810210e+01 
5.999980e+03 1.798811e+01 -1.000000e-03 1.796149e+01 
4.999990e+03 1.781200e+01 -1.000010e-03 1.776525e+01 
4.000000e+03 1.749543e+01 -1.000050e-03 1.747249e+01 
3.000090e+03 1.699136e+01 -9.999950e-04 1.699046e+01 
1.999990e+03 1.605704e+01 -9.999485e-04 1.605814e+01 
9.999870e+02 1.379054e+01 -1.904766e-03 1.361306e+01 
9.499920e+02 1.359179e+01 -1.999980e-02 1.338800e+01 
8.999860e+02 1.338429e+01 -2.000040e-02 1.314473e+01 
8.499940e+02 1.316193e+01 -2.000260e-02 1.288125e+01 
7.999990e+02 1.292493e+01 -2.000080e-02 1.259500e+01 
7.499980e+02 1.266861e+01 -1.999980e-02 1.228310e+01 
6.999980e+02 1.236454e+01 -2.000100e-02 1.194224e+01 
6.500030e+02 1.207882e+01 -2.000140e-02 1.156857e+01 
6.000050e+02 1.175250e+01 -1.999880e-02 1.115742e+01 
5.499970e+02 1.138936e+01 -1.999620e-02 1.070330e+01 
4.999860e+02 1.099793e+01 -2.000060e-02 1.019983e+01 
4.500000e+02 1.056200e+01 -2.000140e-02 9.639659e+00 
3.999930e+02 1.008061e+01 -2.000480e-02 9.013135e+00 
3.500240e+02 9.538107e+00 -2.000100e-02 8.310115e+00 
2.999980e+02 8.942893e+00 -1.999640e-02 7.516187e+00 
2.500060e+02 8.272036e+00 -2.000020e-02 6.617371e+00 
1.999990e+02 7.514464e+00 -3.333222e-02 5.595186e+00 
1.900040e+02 7.329929e+00 -1.000000e-01 5.374444e+00 
1.799990e+02 7.154821e+00 -9.994503e-02 5.147636e+00 
1.699930e+02 6.982321e+00 -9.998500e-02 4.914807e+00 
1.599960e+02 6.804750e+00 -9.995502e-02 4.676054e+00 
1.499840e+02 6.625750e+00 -9.997501e-02 4.430660e+00 
1.399910e+02 6.443214e+00 -1.000801e-01 4.179340e+00 
1.300000e+02 6.257000e+00 -1.000901e-01 3.921577e+00 
1.200090e+02 6.065250e+00 -9.997501e-02 3.657236e+00 
1.099950e+02 5.873143e+00 -9.997501e-02 3.385624e+00 
1.000040e+02 5.674321e+00 -1.000560e-01 3.107965e+00 
9.000620e+01 5.470214e+00 -1.000000e-01 2.823467e+00 
8.000400e+01 5.262143e+00 -9.995952e-02 2.532265e+00 
6.999810e+01 5.052750e+00 -9.998400e-02 2.234519e+00 
6.000080e+01 4.839750e+00 -1.000320e-01 1.930840e+00 
5.000450e+01 4.622500e+00 -1.000030e-01 1.621356e+00 
4.000140e+01 4.400607e+00 -9.995452e-02 1.306312e+00 
2.999540e+01 4.176036e+00 -1.000040e-01 9.864792e-01 
2.000220e+01 3.949964e+00 -1.667334e-01 6.632233e-01 
1.800020e+01 3.866679e+00 -5.002752e-01 5.980939e-01 
1.600440e+01 3.797036e+00 -4.995754e-01 5.330651e-01 
1.399680e+01 3.736179e+00 -4.999375e-01 4.675604e-01 
1.200390e+01 3.640750e+00 -5.013537e-01 4.024548e-01 
1.000760e+01 3.599893e+00 -4.989796e-01 3.371686e-01 
7.995720e+00 3.556371e+00 -4.985716e-01 2.713136e-01 
5.996140e+00 3.512261e+00 -4.999888e-01 2.058136e-01 
3.995630e+00 3.468746e+00 -4.998850e-01 1.402475e-01 
1.995220e+00 3.423379e+00 -5.004849e-01 7.466062e-02 
-4.942950e-04 3.378289e+00 -4.997114e-01 9.215768e-03 
-2.007090e+00 3.332521e+00 -5.003170e-01 -5.658589e-02 
-3.997960e+00 3.287107e+00 -5.007085e-01 -1.218599e-01 
-6.001430e+00 3.243793e+00 -4.991440e-01 -1.875230e-01 
-8.004820e+00 3.197793e+00 -5.000038e-01 -2.531476e-01 
-1.000140e+01 3.154964e+00 -5.001776e-01 -3.185018e-01 
-1.200340e+01 3.109279e+00 -4.999250e-01 -3.839745e-01 
-1.400200e+01 3.062857e+00 -5.006759e-01 -4.492662e-01 
-1.599800e+01 3.017911e+00 -4.997501e-01 -5.143925e-01 
-1.800400e+01 2.972096e+00 -4.993010e-01 -5.797536e-01 
-2.000360e+01 2.923939e+00 -1.667737e-01 -6.448049e-01 
-2.999630e+01 2.755668e+00 -1.000075e-01 -9.680442e-01 
-4.000210e+01 2.554807e+00 -9.997850e-02 -1.287870e+00 
-5.000060e+01 2.335275e+00 -1.000846e-01 -1.602770e+00 
-5.998520e+01 2.107943e+00 -9.996651e-02 -1.911897e+00 
-7.000730e+01 1.878718e+00 -9.992556e-02 -2.216331e+00 
-8.000010e+01 1.643675e+00 -1.000450e-01 -2.513686e+00 
-8.999830e+01 1.368661e+00 -9.998550e-02 -2.804776e+00 
-1.000030e+02 1.156811e+00 -1.000315e-01 -3.089473e+00 
-1.099920e+02 9.244321e-01 -9.999000e-02 -3.367078e+00 
-1.200050e+02 6.833393e-01 -9.994004e-02 -3.638665e+00 
-1.300040e+02 4.391821e-01 -1.000550e-01 -3.903218e+00 
-1.399940e+02 1.908050e-01 -1.000751e-01 -4.160952e+00 
-1.499890e+02 -1.065243e-01 -1.000400e-01 -4.412320e+00 
-1.599860e+02 -4.149071e-01 -9.991507e-02 -4.657348e+00 
-1.700060e+02 -6.242393e-01 -9.994004e-02 -4.896650e+00 
-1.799980e+02 -8.794929e-01 -9.943323e-02 -5.129149e+00 
-1.901200e+02 -1.161414e+00 -9.998000e-02 -5.358575e+00 
-2.000020e+02 -1.454496e+00 -3.339958e-02 -5.576788e+00 
-2.500010e+02 -3.232386e+00 -1.999880e-02 -6.598811e+00 
-3.000080e+02 -4.915107e+00 -2.000100e-02 -7.497892e+00 
-3.499960e+02 -6.495750e+00 -2.000180e-02 -8.291233e+00 
-3.999990e+02 -7.780929e+00 -1.999780e-02 -8.994751e+00 
-4.500070e+02 -8.814750e+00 -1.999780e-02 -9.621278e+00 
-5.000100e+02 -9.650000e+00 -1.999980e-02 -1.018162e+01 
-5.500080e+02 -1.034096e+01 -2.000120e-02 -1.068494e+01 
-6.000040e+02 -1.091729e+01 -2.000240e-02 -1.113895e+01 
-6.499960e+02 -1.141189e+01 -2.000080e-02 -1.155005e+01 
-7.000000e+02 -1.183711e+01 -1.999940e-02 -1.192379e+01 
-7.499990e+02 -1.221100e+01 -1.999860e-02 -1.226464e+01 
-8.000070e+02 -1.254257e+01 -1.999820e-02 -1.257658e+01 
-8.500080e+02 -1.284057e+01 -2.000080e-02 -1.286286e+01 
-9.000030e+02 -1.310739e+01 -2.000220e-02 -1.312635e+01 
-9.499970e+02 -1.335511e+01 -2.000080e-02 -1.336955e+01 
-9.999990e+02 -1.357921e+01 -1.904738e-03 -1.359465e+01 
-2.000010e+03 -1.597957e+01 -9.999995e-04 -1.603971e+01 
-3.000000e+03 -1.693929e+01 -9.999950e-04 -1.697194e+01 
-4.000020e+03 -1.744696e+01 -9.999900e-04 -1.745404e+01 
-5.000020e+03 -1.776246e+01 -1.000015e-03 -1.774679e+01 
-5.999990e+03 -1.794236e+01 -9.999950e-04 -1.794303e+01 
-7.000030e+03 -1.807571e+01 -9.999850e-04 -1.808364e+01 
-8.000020e+03 -1.817629e+01 -1.000015e-03 -1.818933e+01 
-9.000000e+03 -1.825971e+01 -1.000010e-03 -1.827167e+01 
-1.000000e+04 -1.832386e+01 -1.000000e-03 -1.833767e+01 
-1.100000e+04 -1.837825e+01 -1.000000e-03 -1.839175e+01 
-1.200000e+04 -1.842443e+01 -1.000000e-03 -1.843691e+01 
-1.300000e+04 -1.846264e+01 -1.000000e-03 -1.847519e+01 
-1.400000e+04 -1.849625e+01 -1.000000e-03 -1.850807e+01 
-1.500000e+04 -1.852364e+01 -1.000000e-03 -1.853663e+01 
-1.600000e+04 -1.854604e+01 -1.000000e-03 -1.856168e+01 
-1.700000e+04 -1.856407e+01 -1.000000e-03 -1.858384e+01 
-1.800000e+04 -1.858332e+01 -1.000000e-03 -1.860358e+01 
-1.900000e+04 -1.859596e+01 8.100052e+09 -1.862130e+01 
-1.800000e+04 -1.859886e+01 1.000000e-03 -1.860358e+01 
-1.700000e+04 -1.858757e+01 1.000000e-03 -1.858384e+01 
-1.600000e+04 -1.856918e+01 1.000000e-03 -1.856168e+01 
-1.500000e+04 -1.854636e+01 1.000000e-03 -1.853663e+01 
-1.400000e+04 -1.852007e+01 1.000000e-03 -1.850807e+01 
-1.300000e+04 -1.849068e+01 1.000000e-03 -1.847519e+01 
-1.200000e+04 -1.845096e+01 1.000000e-03 -1.843691e+01 
-1.100000e+04 -1.841061e+01 9.999950e-04 -1.839175e+01 
-9.999990e+03 -1.835636e+01 9.999900e-04 -1.833767e+01 
-8.999980e+03 -1.828893e+01 1.000005e-03 -1.827167e+01 
-8.000000e+03 -1.820411e+01 1.000005e-03 -1.818932e+01 
-6.999990e+03 -1.810189e+01 9.999850e-04 -1.808364e+01 
-5.999970e+03 -1.796525e+01 1.000005e-03 -1.794303e+01 
-5.000000e+03 -1.778643e+01 1.000015e-03 -1.774679e+01 
-4.000000e+03 -1.746818e+01 9.999600e-04 -1.745403e+01 
-2.999920e+03 -1.696604e+01 1.000000e-03 -1.697189e+01 
-2.000000e+03 -1.603193e+01 1.000039e-03 -1.603969e+01 
-9.999980e+02 -1.377346e+01 1.904773e-03 -1.359465e+01 
-9.500060e+02 -1.357886e+01 2.000000e-02 -1.336960e+01 
-8.999980e+02 -1.337014e+01 2.000040e-02 -1.312632e+01 
-8.500080e+02 -1.314954e+01 1.999960e-02 -1.286286e+01 
-7.999960e+02 -1.290854e+01 1.999700e-02 -1.257652e+01 
-7.499930e+02 -1.264786e+01 2.000020e-02 -1.226460e+01 
-6.999970e+02 -1.237096e+01 2.000200e-02 -1.192377e+01 
-6.500030e+02 -1.206450e+01 1.999860e-02 -1.155010e+01 
-5.999900e+02 -1.173632e+01 1.999760e-02 -1.113883e+01 
-5.499910e+02 -1.137700e+01 1.999960e-02 -1.068478e+01 
-4.999880e+02 -1.098379e+01 2.000200e-02 -1.018139e+01 
-4.500010e+02 -1.054382e+01 2.000200e-02 -9.621207e+00 
-3.999980e+02 -1.006143e+01 1.999740e-02 -8.994738e+00 
-3.499880e+02 -9.524214e+00 1.999960e-02 -8.291114e+00 
-2.999960e+02 -8.930893e+00 2.000200e-02 -7.497689e+00 
-2.499980e+02 -8.258464e+00 2.000060e-02 -6.598754e+00 
-1.999990e+02 -7.502750e+00 3.332889e-02 -5.576722e+00 
-1.899900e+02 -7.317964e+00 1.000300e-01 -5.355667e+00 
-1.800050e+02 -7.140464e+00 1.000150e-01 -5.129310e+00 
-1.699930e+02 -6.969179e+00 9.995502e-02 -4.896343e+00 
-1.599960e+02 -6.794571e+00 1.000500e-01 -4.657590e+00 
-1.500030e+02 -6.614250e+00 9.998500e-02 -4.412668e+00 
-1.399930e+02 -6.430286e+00 9.996002e-02 -4.160927e+00 
-1.299950e+02 -6.243857e+00 1.000700e-01 -3.902983e+00 
-1.200070e+02 -6.053964e+00 1.000450e-01 -3.638718e+00 
-1.100040e+02 -5.859179e+00 9.996151e-02 -3.367407e+00 
-9.999930e+01 -5.660643e+00 9.996951e-02 -3.089369e+00 
-8.999790e+01 -5.459964e+00 1.000190e-01 -2.804765e+00 
-8.000310e+01 -5.254000e+00 9.999750e-02 -2.513774e+00 
-6.999740e+01 -5.045000e+00 9.998450e-02 -2.216034e+00 
-6.000000e+01 -4.828357e+00 1.000490e-01 -1.912351e+00 
-5.000720e+01 -4.612607e+00 9.996701e-02 -1.602977e+00 
-3.999340e+01 -4.392500e+00 9.996701e-02 -1.287594e+00 
-3.000060e+01 -4.170500e+00 1.000615e-01 -9.681825e-01 
-2.000570e+01 -3.950214e+00 1.667042e-01 -6.448731e-01 
-1.800330e+01 -3.867000e+00 4.981940e-01 -5.797308e-01 
-1.599120e+01 -3.798929e+00 5.001000e-01 -5.141708e-01 
-1.400410e+01 -3.743286e+00 5.011150e-01 -4.493348e-01 
-1.200010e+01 -3.687036e+00 5.000250e-01 -3.838666e-01 
-1.000430e+01 -3.636214e+00 4.993795e-01 -3.185967e-01 
-7.995130e+00 -3.584536e+00 4.988502e-01 -2.528303e-01 
-5.995080e+00 -3.535586e+00 5.014957e-01 -1.873150e-01 
-4.007060e+00 -3.488546e+00 5.006120e-01 -1.221582e-01 
-1.999970e+00 -3.440739e+00 4.992489e-01 -5.635243e-02 
-1.041950e-03 -3.395764e+00 5.001988e-01 9.197808e-03 
1.998440e+00 -3.348504e+00 4.994790e-01 7.476621e-02 
4.003130e+00 -3.301186e+00 4.992711e-01 1.404933e-01 
6.004280e+00 -3.253311e+00 4.996577e-01 2.060804e-01 
8.005870e+00 -3.207439e+00 5.005105e-01 2.716459e-01 
1.000020e+01 -3.162843e+00 5.011112e-01 3.369265e-01 
1.199700e+01 -3.116971e+00 5.006258e-01 4.022293e-01 
1.399520e+01 -3.069843e+00 5.002877e-01 4.675081e-01 
1.599470e+01 -3.024554e+00 5.002877e-01 5.327489e-01 
1.799290e+01 -2.980261e+00 4.995255e-01 5.978562e-01 
1.999850e+01 -2.932636e+00 1.665959e-01 6.631030e-01 
2.999800e+01 -2.757443e+00 9.996801e-02 9.865628e-01 
4.000490e+01 -2.553539e+00 1.000055e-01 1.306423e+00 
4.999690e+01 -2.333961e+00 1.000455e-01 1.621119e+00 
5.999580e+01 -2.103321e+00 9.994403e-02 1.930686e+00 
7.000810e+01 -1.873775e+00 9.991907e-02 2.234819e+00 
8.001200e+01 -1.638854e+00 1.000460e-01 2.532500e+00 
8.999890e+01 -1.364589e+00 1.000716e-01 2.823257e+00 
9.999770e+01 -1.153771e+00 1.000145e-01 3.107788e+00 
1.099960e+02 -9.213821e-01 9.995352e-02 3.385652e+00 
1.200070e+02 -6.803643e-01 1.000150e-01 3.657182e+00 
1.299930e+02 -4.346000e-01 1.000100e-01 3.921394e+00 
1.400050e+02 -1.872493e-01 9.997001e-02 4.179696e+00 
1.499990e+02 1.106068e-01 9.999000e-02 4.431032e+00 
1.600070e+02 4.009893e-01 9.997501e-02 4.676320e+00 
1.700040e+02 6.202000e-01 1.000200e-01 4.915067e+00 
1.800030e+02 8.823179e-01 1.000000e-01 5.147728e+00 
1.900040e+02 1.162725e+00 1.000550e-01 5.374444e+00 
1.999920e+02 1.460954e+00 3.333333e-02 5.595034e+00 
2.500040e+02 3.247661e+00 1.999880e-02 6.617333e+00 
2.999980e+02 4.921429e+00 2.000060e-02 7.516187e+00 
3.500010e+02 6.504571e+00 1.999820e-02 8.309772e+00 
4.000070e+02 7.802536e+00 2.000020e-02 9.013321e+00 
4.500000e+02 8.840429e+00 2.000120e-02 9.639659e+00 
5.000010e+02 9.670821e+00 1.999940e-02 1.019999e+01 
5.500030e+02 1.035711e+01 1.999920e-02 1.070336e+01 
6.000050e+02 1.093571e+01 2.000040e-02 1.115742e+01 
6.500010e+02 1.143043e+01 1.999900e-02 1.156855e+01 
7.000100e+02 1.185607e+01 2.000140e-02 1.194233e+01 
7.499940e+02 1.223093e+01 2.000480e-02 1.228307e+01 
7.999860e+02 1.255861e+01 1.999820e-02 1.259492e+01 
8.500030e+02 1.285311e+01 1.999600e-02 1.288130e+01 
9.000060e+02 1.311964e+01 1.999980e-02 1.314483e+01 
9.500040e+02 1.336396e+01 2.000120e-02 1.338805e+01 
1.000000e+03 1.358689e+01 1.904769e-03 1.361312e+01 
2.000000e+03 1.599029e+01 9.999950e-04 1.605816e+01 
3.000010e+03 1.695436e+01 9.999950e-04 1.699041e+01 
4.000010e+03 1.746204e+01 1.000000e-03 1.747250e+01 
5.000010e+03 1.777625e+01 9.999950e-04 1.776526e+01 
6.000020e+03 1.795404e+01 1.000000e-03 1.796150e+01 
7.000010e+03 1.808371e+01 1.000015e-03 1.810211e+01 
7.999990e+03 1.818532e+01 1.000000e-03 1.820779e+01 
9.000010e+03 1.826875e+01 9.999950e-04 1.829014e+01 
1.000000e+04 1.833186e+01 1.000005e-03 1.835613e+01 
1.100000e+04 1.838407e+01 1.000000e-03 1.841022e+01 
1.200000e+04 1.842682e+01 1.000000e-03 1.845537e+01 
1.300000e+04 1.846668e+01 1.000000e-03 1.849366e+01 
1.400000e+04 1.849736e+01 1.000000e-03 1.852654e+01 
1.500000e+04 1.852418e+01 1.000000e-03 1.855510e+01 
1.600000e+04 1.854846e+01 1.000000e-03 1.858014e+01 
1.700000e+04 1.856921e+01 1.000000e-03 1.860230e+01 
1.800000e+04 1.859186e+01 1.000000e-03 1.862204e+01 
1.900000e+04 1.861114e+01 1.000000e-03 1.863976e+01 
