script internal name (ver:210707): multilognorlanglmfit
data-filename:verti
this-filename:fits/verti.fit.06
[[Definition parameters]]
ndist: 1
weight: sep
[[status]]
Fit succeeded.
[[Fit Statistics]]
    # fitting method   = leastsq
    # function evals   = 133
    # data points      = 125
    # variables        = 5
    chi-square         = 26772.9756
    reduced chi-square = 223.108130
    Akaike info crit   = 680.854318
    Bayesian info crit = 694.995887
[[Variables]]
    N0:    1.4290e+17 +/- 1.3951e+15 (0.98%) (init = 2.350904e+17)
    mu0:   9.32336197 +/- 0.02255632 (0.24%) (init = 7.65)
    sig0:  0.69860036 +/- 0.02063061 (2.95%) (init = 1.596)
    C:     2.2441e-05 +/- 9.7152e-07 (4.33%) (init = 0.0002379404)
    T:     300 (fixed)
    dc:    0.00992311 +/- 0.00246791 (24.87%) (init = 0.004523602)
[[Correlations]] (unreported correlations are < 0.100)
    C(mu0, sig0) = -0.9798
    C(N0, mu0)   = -0.9414
    C(N0, sig0)  = +0.8553
    C(N0, C)     = -0.8546
    C(mu0, C)    = +0.7348
    C(sig0, C)   = -0.6321
[[Derived Parameters]]
    mean-mu      = 14291.0+/-382.5 mb
    stddev       = 11335.2+/-639.7 mb
    <mu>_mu      = 23282+/-1135 mb
    sum squares  = 3.163223e+01
    m_s          = (1.89391+/-0.05396)e+01 (units)
[[data]]
-1.900000e+04 -1.902291e+01 1.000000e-03 -1.904407e+01 
-1.800000e+04 -1.899557e+01 1.000000e-03 -1.900433e+01 
-1.700000e+04 -1.895783e+01 1.000000e-03 -1.896254e+01 
-1.600000e+04 -1.891714e+01 1.000000e-03 -1.891834e+01 
-1.500000e+04 -1.887206e+01 1.000000e-03 -1.887124e+01 
-1.400000e+04 -1.882275e+01 1.000000e-03 -1.882062e+01 
-1.300000e+04 -1.876878e+01 1.000000e-03 -1.876566e+01 
-1.200000e+04 -1.870735e+01 1.000000e-03 -1.870529e+01 
-1.100000e+04 -1.864161e+01 9.999975e-04 -1.863802e+01 
-9.999995e+03 -1.856482e+01 9.999950e-04 -1.856179e+01 
-8.999990e+03 -1.847656e+01 1.000008e-03 -1.847362e+01 
-8.000010e+03 -1.836996e+01 1.000010e-03 -1.836906e+01 
-7.000010e+03 -1.824610e+01 9.999850e-04 -1.824109e+01 
-5.999980e+03 -1.808863e+01 1.000000e-03 -1.807810e+01 
-5.000010e+03 -1.788680e+01 1.000015e-03 -1.785934e+01 
-4.000010e+03 -1.754745e+01 9.999750e-04 -1.754385e+01 
-2.999960e+03 -1.702006e+01 9.999975e-04 -1.703868e+01 
-2.000005e+03 -1.605069e+01 1.000019e-03 -1.608303e+01 
-9.999985e+02 -1.369881e+01 1.904756e-03 -1.361572e+01 
-9.500015e+02 -1.348833e+01 2.000040e-02 -1.338972e+01 
-9.000005e+02 -1.325899e+01 2.000130e-02 -1.314559e+01 
-8.500080e+02 -1.301415e+01 2.000020e-02 -1.288127e+01 
-8.000015e+02 -1.274353e+01 1.999760e-02 -1.259417e+01 
-7.499960e+02 -1.244628e+01 1.999940e-02 -1.228150e+01 
-6.999985e+02 -1.211976e+01 2.000070e-02 -1.194000e+01 
-6.499995e+02 -1.175281e+01 1.999970e-02 -1.156570e+01 
-5.999970e+02 -1.134027e+01 2.000000e-02 -1.115400e+01 
-5.499995e+02 -1.087131e+01 2.000040e-02 -1.069956e+01 
-4.999990e+02 -1.032808e+01 2.000090e-02 -1.019587e+01 
-4.500040e+02 -9.689380e+00 1.999990e-02 -9.635371e+00 
-3.999985e+02 -8.930163e+00 1.999760e-02 -9.008713e+00 
-3.499920e+02 -8.017805e+00 2.000070e-02 -8.305034e+00 
-3.000020e+02 -6.929676e+00 2.000150e-02 -7.511541e+00 
-2.499995e+02 -5.751026e+00 1.999970e-02 -6.612318e+00 
-2.000005e+02 -4.483106e+00 3.336420e-02 -5.589786e+00 
-1.900550e+02 -4.243655e+00 1.000050e-01 -5.369993e+00 
-1.800015e+02 -4.014042e+00 9.972327e-02 -5.141913e+00 
-1.699995e+02 -3.800517e+00 9.994753e-02 -4.908962e+00 
-1.599910e+02 -3.608342e+00 9.998250e-02 -4.669682e+00 
-1.499960e+02 -3.363801e+00 1.000125e-01 -4.424415e+00 
-1.399935e+02 -3.122885e+00 1.000175e-01 -4.172525e+00 
-1.299995e+02 -2.905246e+00 1.000625e-01 -3.914301e+00 
-1.200060e+02 -2.688012e+00 9.999250e-02 -3.649452e+00 
-1.099980e+02 -2.469858e+00 9.997576e-02 -3.377501e+00 
-1.000011e+02 -2.254162e+00 1.000005e-01 -3.099111e+00 
-8.999810e+01 -2.047673e+00 1.000023e-01 -2.813816e+00 
-8.000160e+01 -1.806965e+00 1.000213e-01 -2.522052e+00 
-7.000235e+01 -1.584709e+00 9.995502e-02 -2.223694e+00 
-5.999260e+01 -1.361560e+00 1.000078e-01 -1.918730e+00 
-5.000390e+01 -1.139791e+00 1.000258e-01 -1.608481e+00 
-3.999775e+01 -9.197494e-01 9.997276e-02 -1.292241e+00 
-2.999845e+01 -7.080881e-01 1.000345e-01 -9.714301e-01 
-2.000465e+01 -5.135740e-01 1.667389e-01 -6.468784e-01 
-1.800365e+01 -4.478596e-01 4.987469e-01 -5.815171e-01 
-1.599460e+01 -3.908876e-01 4.999250e-01 -5.157882e-01 
-1.400305e+01 -3.405260e-01 5.008954e-01 -4.505388e-01 
-1.200175e+01 -2.891526e-01 4.999750e-01 -3.848873e-01 
-1.000285e+01 -2.408477e-01 4.997782e-01 -3.192427e-01 
-7.999975e+00 -1.935579e-01 4.994263e-01 -2.534072e-01 
-5.998255e+00 -1.460357e-01 5.003171e-01 -1.875608e-01 
-4.002510e+00 -1.008046e-01 5.006602e-01 -1.218743e-01 
-2.003530e+00 -5.415575e-02 4.997824e-01 -5.605668e-02 
-7.681225e-04 -8.737404e-03 4.999550e-01 9.897817e-03 
1.996830e+00 3.748160e-02 4.999815e-01 7.568228e-02 
3.999380e+00 8.386675e-02 4.995779e-01 1.416175e-01 
6.000210e+00 1.296060e-01 4.998232e-01 2.074713e-01 
8.000795e+00 1.746426e-01 4.995392e-01 2.732804e-01 
1.000390e+01 2.187523e-01 5.000431e-01 3.391235e-01 
1.200045e+01 2.621643e-01 5.009895e-01 4.046908e-01 
1.399600e+01 3.334723e-01 5.001125e-01 4.701539e-01 
1.599955e+01 3.865808e-01 4.999313e-01 5.357965e-01 
1.799655e+01 4.435930e-01 4.999000e-01 6.011312e-01 
2.000035e+01 5.090914e-01 1.666646e-01 6.665843e-01 
2.999670e+01 7.099737e-01 9.998600e-02 9.912198e-01 
4.000315e+01 9.244344e-01 9.998000e-02 1.312259e+00 
5.000070e+01 1.145395e+00 1.000243e-01 1.628227e+00 
5.999830e+01 1.369564e+00 9.998800e-02 1.938752e+00 
7.000310e+01 1.591056e+00 9.995152e-02 2.243562e+00 
8.000800e+01 1.813437e+00 1.000028e-01 2.542087e+00 
9.000255e+01 2.054835e+00 1.000358e-01 2.833791e+00 
1.000008e+02 2.262527e+00 1.000353e-01 3.118949e+00 
1.099955e+02 2.478351e+00 9.996426e-02 3.397279e+00 
1.200080e+02 2.695142e+00 9.999500e-02 3.669352e+00 
1.299965e+02 2.914131e+00 1.000500e-01 3.934068e+00 
1.399980e+02 3.131106e+00 1.000250e-01 4.192486e+00 
1.499915e+02 3.371504e+00 9.998250e-02 4.444150e+00 
1.600015e+02 3.606434e+00 9.996501e-02 4.689782e+00 
1.699985e+02 3.805068e+00 1.000025e-01 4.928785e+00 
1.800010e+02 4.022606e+00 9.997251e-02 5.161748e+00 
1.900040e+02 4.250596e+00 1.000275e-01 5.388697e+00 
1.999955e+02 4.492233e+00 3.333278e-02 5.609523e+00 
2.500050e+02 5.765475e+00 1.999950e-02 6.632270e+00 
2.999980e+02 6.938902e+00 1.999850e-02 7.531320e+00 
3.500125e+02 8.029285e+00 1.999960e-02 8.325187e+00 
4.000000e+02 8.950503e+00 2.000250e-02 9.028579e+00 
4.500000e+02 9.711326e+00 2.000130e-02 9.655169e+00 
4.999935e+02 1.034558e+01 2.000000e-02 1.021566e+01 
5.500000e+02 1.088558e+01 1.999770e-02 1.071941e+01 
6.000050e+02 1.135759e+01 1.999960e-02 1.117392e+01 
6.500020e+02 1.176923e+01 2.000020e-02 1.158557e+01 
7.000040e+02 1.212603e+01 2.000120e-02 1.195989e+01 
7.499960e+02 1.246662e+01 2.000230e-02 1.230135e+01 
7.999925e+02 1.275975e+01 1.999950e-02 1.261396e+01 
8.499985e+02 1.302661e+01 1.999930e-02 1.290106e+01 
8.999960e+02 1.327218e+01 2.000010e-02 1.316541e+01 
9.499980e+02 1.349922e+01 2.000050e-02 1.340955e+01 
9.999935e+02 1.371118e+01 1.904767e-03 1.363555e+01 
1.999995e+03 1.606860e+01 9.999718e-04 1.610287e+01 
3.000050e+03 1.704026e+01 9.999950e-04 1.705858e+01 
4.000005e+03 1.756862e+01 1.000025e-03 1.756370e+01 
5.000000e+03 1.790648e+01 1.000003e-03 1.787919e+01 
6.000000e+03 1.810590e+01 1.000000e-03 1.809795e+01 
7.000000e+03 1.826010e+01 1.000010e-03 1.826093e+01 
7.999980e+03 1.838752e+01 1.000003e-03 1.838890e+01 
8.999995e+03 1.849076e+01 9.999950e-04 1.849347e+01 
9.999990e+03 1.857899e+01 1.000023e-03 1.858164e+01 
1.099995e+04 1.865216e+01 9.999950e-04 1.865786e+01 
1.200000e+04 1.872095e+01 9.999500e-04 1.872513e+01 
1.300005e+04 1.878066e+01 1.000000e-03 1.878551e+01 
1.400000e+04 1.883320e+01 1.000025e-03 1.884047e+01 
1.500000e+04 1.888330e+01 1.000000e-03 1.889109e+01 
1.600000e+04 1.892787e+01 1.000000e-03 1.893819e+01 
1.700000e+04 1.896917e+01 1.000000e-03 1.898239e+01 
1.800000e+04 1.900537e+01 9.999750e-04 1.902417e+01 
1.900005e+04 1.913673e+01 9.999500e-04 1.906392e+01 
